1,A.,1,1020001071491,富士通(株),機器賃貸借(サーバ･端末)等54件,27827000000,－,-
1,A.,2,1020001071491,富士通(株),アプリケーションの開発等13件,6826000000,－,-
1,A.,3,1020001071491,富士通(株),機器の導入等13件,6693000000,－,-
1,A.,4,1020001071491,富士通(株),システムの運用(統合運用・監視)等5件,4093000000,－,-
1,A.,5,1020001071491,富士通(株),システムの保守(ソフトウェア・アプリケーション)等7件,1739000000,－,-
1,A.,6,1020001071491,富士通(株),通信サービス利用料,31000000,1,0.9605
1,F.,1,6010601032609,ＮＴＴデータ・カスタマサービス(株),機器賃貸借(通信機器・端末)の延長,98000000,随意契約,-
1,G.,1,9011101031552,ＫＤＤＩ(株),サーバ等設置場所借料等4件,549000000,－,-
1,G.,2,9011101031552,ＫＤＤＩ(株),機器賃貸借(通信機器)等20件,105000000,－,-
1,G.,3,9011101031552,ＫＤＤＩ(株),機器の導入等8件,49000000,－,-
1,H.,1,7010401110076,ソフトバンクモバイルサービス(株),機器賃貸借(通信機器)等21件,908000000,－,-
1,H.,2,7010401110076,ソフトバンクモバイルサービス(株),機器の導入等9件,72000000,－,-
1,H.,3,7010401110076,ソフトバンクモバイルサービス(株),通信機器等の移設作業等14件,43000000,－,-
1,J.,1,7010401052137,東芝ソリューション(株),通信機能の増強,225000000,随意契約,-
1,K.,1,9010401054908,都築電気(株),消耗品(OCR保守部品)の購入,106000000,2,0.9985
1,L.,1,7010401006126,沖電気工業(株),消耗品(トナー類)の購入,2273000000,1,0.9651
1,N.,1,,三菱総合研究所,工程管理(システム開発支援等),416000000,2,0.5331
1,O.,1,,北海道労働局,消耗品(汎用用紙)及び電源工事,25000000,－,-
1,O.,2,,東京労働局,消耗品(汎用用紙),22000000,－,-
1,O.,3,,大阪労働局,消耗品(汎用用紙)及び電源工事,15000000,－,-
1,O.,4,,愛知労働局,消耗品(汎用用紙)及び電源工事,14000000,－,-
1,O.,5,,福岡労働局,消耗品(汎用用紙)及び電源工事,14000000,－,-
1,O.,6,,神奈川労働局,消耗品(汎用用紙)及び電源工事,12000000,－,-
1,O.,7,,兵庫労働局,消耗品(汎用用紙)及び電源工事,12000000,－,-
1,O.,8,,千葉労働局,消耗品(汎用用紙)及び電源工事,12000000,－,-
1,O.,9,,熊本労働局,消耗品(汎用用紙)及び電源工事,9000000,－,-
1,O.,10,,広島労働局,消耗品(汎用用紙)及び電源工事,9000000,－,-
1,P.,1,,統合ネットワーク分担金,通信回線の利用料等,1534000000,－,-
2,A.,1,7010001008844,(株)日立製作所,裁定請求の手続に係る情報提供及び住所変更情報等の把握,96078906,随意契約,-
2,A.,1,7010001008844,(株)日立製作所,年金給付システム周辺サーバ設備更改関連ソフト開発、環境構築,1402604532,随意契約,-
2,A.,1,7010001008844,(株)日立製作所,成年後見人等の事務処理改善についてのシステム開発,156910446,随意契約,-
2,A.,1,7010001008844,(株)日立製作所,外国人住民に係る住民基本台帳制度の改正に伴うシステム開発,24012450,随意契約,-
2,A.,1,7010001008844,(株)日立製作所,年金額改定通知書同封化(複数年金受給者対応等)のシステム開発,31332609,随意契約,-
2,A.,1,7010001008844,(株)日立製作所,雇用保険の給付と年金の自動調整等についてのシステム開発,31783752,随意契約,-
2,A.,1,7010001008844,(株)日立製作所,法定調書の電子化及び公的年金等支払報告書の様式変更に伴うシステム開発,40486446,随意契約,-
2,A.,1,7010001008844,(株)日立製作所,老齢厚生年金の支給開始年齢引上げに伴う加給年金額勧奨等のシステム開発,47966688,随意契約,-
2,A.,1,7010001008844,(株)日立製作所,年金給付システムの機能改善,211542408,随意契約,-
2,A.,1,7010001008844,(株)日立製作所,電子計算組織用装置等の導入撤去及び設備,257286519,随意契約,-
2,A.,1,7010001008844,(株)日立製作所,CMT廃止に係る新たな情報交換方式についてのシステム開発,307300833,随意契約,-
2,A.,1,7010001008844,(株)日立製作所,年金機能強化法(年金給付関係)に伴うシステム開発,336305277,随意契約,-
2,A.,1,7010001008844,(株)日立製作所,返送郵便物管理方法改善システム開発(バーコード付与対応),10449054,随意契約,-
2,A.,1,7010001008844,(株)日立製作所,被用者年金一元化システム開発,1720295577,随意契約,-
2,A.,2,6010401024970,日立キャピタル(株),年金給付システム周辺サーバ更改(3次分)ハード賃貸借1届書関連機能,20963790,随意契約,-
2,A.,2,6010401024970,日立キャピタル(株),年金給付システム周辺サーバ更改(3次分)ハード賃貸借3運行監視機能,8713511,随意契約,-
2,A.,2,6010401024970,日立キャピタル(株),住基台帳ネットワークシステムとの接続に係るハードウェア賃貸借保守,3206936,随意契約,-
2,A.,2,6010401024970,日立キャピタル(株),住基即時・住基一括システムハードウェア等設備の再リース及び保守業務,12310326,随意契約,-
2,A.,2,6010401024970,日立キャピタル(株),年金給付システム周辺サーバ更改に伴うハードウェア等の賃貸借及び保守等,243293040,1,0.985
2,A.,2,6010401024970,日立キャピタル(株),年金給付システム周辺サーバ3次更改分のサーバ設備等に係る再リース,4514217,随意契約,-
2,A.,2,6010401024970,日立キャピタル(株),年金給付システムにおける周辺サーバの賃貸借及び保守業務,87889893,随意契約,-
2,A.,2,6010401024970,日立キャピタル(株),年金給付システム周辺サーバ更改(3次分)ハード賃貸借2署名等機能,1258538,随意契約,-
2,A.,3,7010401001556,アクセンチュア(株),汎用申請・届出等省内処理システムに係る運用業務,5814384,1,0.793
2,A.,3,7010401001556,アクセンチュア(株),汎用申請・届出等省内処理システムに係る更改・保守業務,83026125,1,0.961
2,A.,4,,ニューコン(株),届書作成プログラム等の改修に係るソフトウェアの開発等業務,9828000,3,0.366
2,B.,1,9010601021385,(株)ＮＴＴデータ,基礎年金番号の重複付番の発生防止に係るシステム開発ソフト利用料,524664000,随意契約,-
2,B.,1,9010601021385,(株)ＮＴＴデータ,国年3号被保険者不整合記録お知らせ改善システム開発ソフト利用料,21899000,随意契約,-
2,B.,1,9010601021385,(株)ＮＴＴデータ,資格期間を満たし年金請求のない方のお知らせシステム開発ソフト利用料,21886000,随意契約,-
2,B.,1,9010601021385,(株)ＮＴＴデータ,定期便未送達分住基ネット利用住所把握システム開発ソフト利用料,19798000,随意契約,-
2,B.,1,9010601021385,(株)ＮＴＴデータ,年金給付・時効援用に係る取扱いの変更に伴うシステム開発ソフト利用料,19684000,随意契約,-
2,B.,1,9010601021385,(株)ＮＴＴデータ,障害審査支援システムの再構築に係るシステム開発ソフト利用料,16963000,随意契約,-
2,B.,1,9010601021385,(株)ＮＴＴデータ,端末設備における操作性・利便性向上のシステム開発ソフト利用料,65385000,随意契約,-
2,B.,1,9010601021385,(株)ＮＴＴデータ,全銀協システム第6次更改に伴う年金振込事務の改善に係るソフト利用料,13910000,随意契約,-
2,B.,1,9010601021385,(株)ＮＴＴデータ,国年保険料市場化テスト受託者の滞納者情報変更改善ソフトウェア利用料,13088000,随意契約,-
2,B.,1,9010601021385,(株)ＮＴＴデータ,二以上事業所勤務被保険者に係る事務処理ソフト利用料他24件,90194000,随意契約,-
2,B.,1,9010601021385,(株)ＮＴＴデータ,20歳直前厚年取得時の入力処理改善・出力項目追加ソフトウェア利用料,23360000,随意契約,-
2,B.,1,9010601021385,(株)ＮＴＴデータ,定期便電子化(ねんきんネット3次リリース)システム開発ソフト利用料,25165000,随意契約,-
2,B.,1,9010601021385,(株)ＮＴＴデータ,住基届書省略システム開発(住民票コード収録率向上)ソフト利用料,25827000,随意契約,-
2,B.,1,9010601021385,(株)ＮＴＴデータ,第1号期間の可能性がある第3号期間を有する加入者対策ソフト利用料,26186000,随意契約,-
2,B.,1,9010601021385,(株)ＮＴＴデータ,国年第3号被保険者資格取得届等の電子媒体届書追加ソフト利用料,52070000,随意契約,-
2,B.,1,9010601021385,(株)ＮＴＴデータ,裁定中表示期間の資格取得及び喪失届の入力処理改善に係るソフト利用料,61142000,随意契約,-
2,B.,1,9010601021385,(株)ＮＴＴデータ,国民年金保険料還付金支払に係るシステム開発ソフト利用料,48327000,随意契約,-
2,B.,1,9010601021385,(株)ＮＴＴデータ,農林共済年金の既裁定者の移管に伴うシステム改修に係るソフト利用料,66613000,随意契約,-
2,B.,1,9010601021385,(株)ＮＴＴデータ,特老厚の支給開始年齢の引上げ等の実施に係るシステム開発ソフト利用料,81421000,随意契約,-
2,B.,1,9010601021385,(株)ＮＴＴデータ,歳入徴収官業務の改善に係るシステム開発ソフト利用料,142440000,随意契約,-
2,B.,1,9010601021385,(株)ＮＴＴデータ,市町村から提供される届書情報電子媒体化システム開発ソフト利用料,145546000,随意契約,-
2,B.,1,9010601021385,(株)ＮＴＴデータ,住基ネットを利用した氏名住所変更等届書省略システム開発ソフト利用料,167208000,随意契約,-
2,B.,1,9010601021385,(株)ＮＴＴデータ,国年保険料の納付可能期間の延長に伴うシステム開発に係るソフト利用料,276894000,随意契約,-
2,B.,1,9010601021385,(株)ＮＴＴデータ,記録管理・基礎年金番号管理システム利用料(24年度国債分),840946000,平成24年度国庫債務負担行為,-
2,B.,1,9010601021385,(株)ＮＴＴデータ,記録管理基礎年金番号管理システム機能改善のシステム開発ソフト利用料,841626000,随意契約,-
2,B.,1,9010601021385,(株)ＮＴＴデータ,記録管理・基礎年金番号管理システム利用料(23年度国債分),1998253000,平成23年度国庫債務負担行為,-
2,B.,1,9010601021385,(株)ＮＴＴデータ,記録管理・基礎年金番号管理システム利用料(25年度国債分),2058894000,随意契約,-
2,B.,1,9010601021385,(株)ＮＴＴデータ,記録管理・基礎年金番号システム利用料の支払(21年度国債分),4641897000,平成21年度国庫債務負担行為,-
2,B.,1,9010601021385,(株)ＮＴＴデータ,記録管理・基礎年金番号システム利用料の支払(22年度国債分),8209948000,平成22年度国庫債務負担行為,-
2,B.,1,9010601021385,(株)ＮＴＴデータ,被保険者であった者に対する裁定請求手続に係る情報等把握ソフト利用料,16816000,随意契約,-
2,C.,1,7010001008844,(株)日立製作所,電子計算組織用装置の賃貸借およびプログラム・プロダクトの使用権許諾に関する契約,12809915608,随意契約,-
2,C.,2,2010001033475,(株)ＪＥＣＣ,電子計算機の賃貸借及びプログラム・プロダクトの使用権許諾に関する契約,10742597854,随意契約,-
3,A.,1,7010401001556,アクセンチュア(株),年金業務システムアーキテクチャ設計及びプラットフォーム性能検証等業務,1434000000,1,97.8
4,A.,1,4011305001653,日本年金機構,保険事業(国民年金、厚生年金の適用・徴収・給付)の実施、社会保険オンラインシステムの運用・見直し、年金相談等の実施,134178784000,－,-
5,A.,1,7010001008844,(株)日立製作所,年金生活者支援給付金の創設に伴うシステム開発,238000000,随意契約,-
6,A.機器借料,1,,(株)日立製作所、日立キャピタル(株),KSKシステムの運用のためのホスト機器のレンタル料,6569000000,※,-
6,A.機器借料,1,,(株)日立製作所、日立キャピタル(株),KSKシステムの運用のための課税事績検索システム用サーバ等のレンタル料,164000000,※,-
6,A.機器借料,1,,(株)日立製作所、日立キャピタル(株),KSKシステムの運用のためのサーバ等のレンタル料等(2件),32000000,－,-
6,A.機器借料,1,,(株)日立製作所、日立キャピタル(株),KSKシステムの運用のための認証システム用サーバ等のレンタル料,136000000,※,-
6,A.機器借料,1,,(株)日立製作所、日立キャピタル(株),KSKシステムの運用のための個人・法人関連情報システム用サーバ等のレンタル料,436000000,※,-
6,A.機器借料,1,,(株)日立製作所、日立キャピタル(株),KSKシステムの運用のための資料調査及び財産評価システム用サーバ等のレンタル料,1201000000,※,-
6,A.機器借料,2,6010001055730,(株)文祥堂,KSKシステムの運用のためのサーバ等用ソフトウェアのレンタル料,2461000000,※,-
6,A.機器借料,2,6010001055730,(株)文祥堂,KSKシステムの運用のための業務管理情報及び企画システム用サーバ等のレンタル料,565000000,※,-
6,A.機器借料,2,6010001055730,(株)文祥堂,KSKシステムの運用のためのホスト機器のレンタル料,1653000000,※,-
6,A.機器借料,2,6010001055730,(株)文祥堂,KSKシステムの運用のためのサーバ等のレンタル料,1264000000,※,-
6,A.機器借料,2,6010001055730,(株)文祥堂,KSKシステムの運用のためのサーバ等のレンタル料等(27件),2052000000,－,-
6,A.機器借料,2,6010001055730,(株)文祥堂,KSKシステムの運用のためのサーバ等のレンタル料,485000000,※,-
6,A.機器借料,3,7010401022916,日本電気(株),KSKシステムの運用のためのホスト機器のレンタル料,5889000000,※,-
6,A.機器借料,4,,(株)富士通エフサス、東京センチュリーリース(株),KSKシステムの運用のためのネットワーク機器等のレンタル料,236000000,※,-
6,A.機器借料,4,,(株)富士通エフサス、東京センチュリーリース(株),KSKシステムの運用のためのスキャナのレンタル料,2000000,※,-
6,A.機器借料,5,,ミツイワ(株)、三菱ＵＦＪリース(株),KSKシステムの運用のための徴収システム用サーバ等のレンタル料,212000000,※,-
6,A.機器借料,6,,(株)シｰイｰシ、三菱ＵＦＪリース(株),KSKシステムの運用のための徴収システムサーバ等用ソフトウェアのレンタル料,208000000,※,-
6,A.機器借料,7,7010001008844,(株)日立製作所,KSKシステムの運用のためのサーバ等のレンタル料,34000000,1,-
6,A.機器借料,7,7010001008844,(株)日立製作所,KSKシステムの運用のための少額投資非課税口座管理システム用サーバ等のレンタル料,117000000,1,-
6,A.機器借料,8,,ソフトハﾞンクテレコム(株)、シスコシステムスﾞキｬヒﾟタル(株),KSKシステムの運用のためのネットワーク機器等のレンタル料,80000000,※,-
6,A.機器借料,9,5290801002046,(株)ゼンリン,KSKシステムの運用のための財産評価システムサーバ等用ソフトウェアのレンタル料,50000000,※,-
6,A.機器借料,10,,キｬノンＩＴソリｭｰシｮンスﾞ(株)、芙蓉総合リｰス(株),KSKシステムの運用のための非課税貯蓄限度額管理、税理士、審理室、鑑定、税理士試験システム用サーバ等のレンタル料,43000000,※,-
6,B.雑役務費,1,6010001055730,(株)文祥堂,KSKシステムのシステム開発及び改修,417000000,※,-
6,B.雑役務費,1,6010001055730,(株)文祥堂,KSKシステムのシステム開発及び改修,100000000,※,-
6,B.雑役務費,1,6010001055730,(株)文祥堂,KSKシステムの運用支援,271000000,※,-
6,B.雑役務費,1,6010001055730,(株)文祥堂,KSKシステムの運用支援,832000000,1,-
6,B.雑役務費,1,6010001055730,(株)文祥堂,KSKシステムのシステム開発及び改修,306000000,1,-
6,B.雑役務費,1,6010001055730,(株)文祥堂,KSKシステムのシステム開発及び改修等(14件),43000000,－,-
6,B.雑役務費,2,,(株)文祥堂、キｬノンマｰケテｨンクﾞシﾞｬハﾟン(株)、東芝ソリューション(株)、日本アイ・ビー・エム(株)、日本電気(株)、(株)日立製作所,KSKシステムのシステム開発及び改修,686000000,1,-
6,B.雑役務費,2,,(株)文祥堂、キｬノンマｰケテｨンクﾞシﾞｬハﾟン(株)、東芝ソリューション(株)、日本アイ・ビー・エム(株)、日本電気(株)、(株)日立製作所,KSKシステムのシステム開発及び改修,883000000,※,-
6,B.雑役務費,3,7010001008844,(株)日立製作所,KSKシステム機器の保守費用,29000000,※,-
6,B.雑役務費,3,7010001008844,(株)日立製作所,KSKシステムのデータ変換費用,15000000,1,-
6,B.雑役務費,3,7010001008844,(株)日立製作所,KSKシステム機器のOS更新費用等(20件),34000000,－,-
6,B.雑役務費,3,7010001008844,(株)日立製作所,KSKシステムのシステム開発及び改修,143000000,1,-
6,B.雑役務費,3,7010001008844,(株)日立製作所,KSKシステムのシステム開発及び改修,640000000,※,-
6,B.雑役務費,4,1011101009465,情報技術開発(株),KSKシステム機器のオペレータ,69000000,2,-
6,B.雑役務費,4,1011101009465,情報技術開発(株),KSKシステムの運用支援,50000000,2,-
6,B.雑役務費,4,1011101009465,情報技術開発(株),KSKシステム機器のオペレータ等(3件),72000000,－,-
6,B.雑役務費,5,7010001049087,大成有楽不動産(株),事務管理センター施設整備・修理費用,200000,随意契約,-
6,B.雑役務費,5,7010001049087,大成有楽不動産(株),事務管理センターの施設管理・運営業務,135000000,※,-
6,B.雑役務費,6,2010601032678,(株)ＮＴＴデータＳＭＳ,KSKシステム機器のオペレータ,96000000,2,-
6,B.雑役務費,6,2010601032678,(株)ＮＴＴデータＳＭＳ,KSKシステム機器のオペレータ,37000000,※,-
6,B.雑役務費,7,6010701025710,(株)日立システムズ,KSKシステム機器のOS更新費用,96000000,2,-
6,B.雑役務費,7,6010701025710,(株)日立システムズ,KSKシステム機器の移設作業費用等(6件),15000000,－,-
6,B.雑役務費,7,6010701025710,(株)日立システムズ,KSKシステムの運用支援,13000000,2,-
6,B.雑役務費,8,7010401022973,日本電算企画(株),KSKシステム機器のオペレータ,20000000,※,-
6,B.雑役務費,8,7010401022973,日本電算企画(株),KSKシステム機器のオペレータ,24000000,※,-
6,B.雑役務費,8,7010401022973,日本電算企画(株),KSKシステム機器のオペレータ,65000000,1,-
6,B.雑役務費,9,,(株)ナニワ計算センター,データエントリー業務,33000000,8,-
6,B.雑役務費,9,,(株)ナニワ計算センター,データエントリー業務,18000000,随意契約,-
6,B.雑役務費,9,,(株)ナニワ計算センター,データエントリー業務等(9件),51000000,－,-
6,B.雑役務費,10,4010001054032,(株)野村総合研究所,KSKシステムに係るアドバイザー(工程管理),83000000,2,-
6,C.光熱水料,1,1010001008825,東京電力ホールディングス(株),KSKシステムの運用のための電気料,212000000,随意契約,-
6,C.光熱水料,2,,地方公共団体,KSKシステムの運用のための水道料,2000000,随意契約,-
6,C.光熱水料,3,3030001056382,大東ガス(株),KSKシステムの運用のためのガス料,100000,随意契約,-
6,C.光熱水料,4,,有田産業(株),KSKシステムの運用のための燃料費,30000,随意契約,-
6,C.光熱水料,4,,有田産業(株),KSKシステムの運用のための燃料費,40000,随意契約,-
6,D.備品費,1,,旭建設(株),国税局マシン室入退室管理システムの購入,4000000,1,-
6,D.備品費,2,9010001087242,富士電機ＩＴソリューション(株),国税局で使用するプリンタの購入,700000,随意契約,-
7,B.,1,7010401052137,東芝ソリューション(株),登記情報システムの運用に係る機器に係る役務の委託,38000000,随意契約,-
7,B.,2,6020001077096,富士古河Ｅ＆Ｃ(株),登記情報システム用無停電電源装置交換作業等の役務の委託,19000000,1,0.914
7,B.,3,8010401005011,ＮＴＴファイナンス(株),登記情報システム用プリンタに係る賃貸借,12000000,随意契約,-
7,B.,4,2010001033475,(株)ＪＥＣＣ,登記情報システム用スキャナに係る機器の賃貸借,12000000,随意契約,-
7,B.,5,7010601037788,リコーリース(株),登記情報システム用プリンタに係る賃貸借,10000000,随意契約,-
7,B.,6,3010401026805,富士ゼロックス(株),登記情報システム用プリンタに係る賃貸借,6000000,随意契約,-
7,B.,7,8010401056384,(株)富士通エフサス,登記情報システム用プリンタに係る役務の委託,5000000,随意契約,-
7,B.,8,1010001110829,リコージャパン(株),登記情報システム用プリンタに係る役務の委託,5000000,随意契約,-
7,B.,9,7020001077194,エフネッツサービス(株),登記情報システム等のLAN配線に係る役務の委託,3000000,随意契約,-
7,B.,10,4010701026198,ＩＢＪＬ東芝リース(株),登記情報システム用自家発電装置に係る賃貸借,3000000,随意契約,-
7,C.,1,2010001033475,(株)ＪＥＣＣ,登記情報システム用機器等賃賃貸借,12989000000,1,0.971
7,C.,2,1020001071491,富士通(株),登記情報システムに係る運用支援業務等,5167000000,1,0.992
7,C.,3,7010001064648,ＮＴＴコミュニケーションズ(株),新登記情報システム通信サービス等,2162000000,随意契約,-
7,C.,4,7010401001556,アクセンチュア(株),登記情報システム等に係る統合管理等業務,125000000,随意契約,-
7,C.,5,7010601037788,リコーリース(株),登記情報システム事務処理用印刷装置に係る賃貸借,105000000,随意契約,-
7,C.,6,8010401005011,ＮＴＴファイナンス(株),登記情報システム事務処理用印刷装置に係る賃貸借,34000000,随意契約,-
7,C.,7,7010001008844,(株)日立製作所,登記情報システムの切り替えに伴う電子認証システムとの連携テストに係る役務の委託,2000000,随意契約,-
7,C.,8,,能美防災(株),登記情報センター発電設備保守点検整備業務等の役務の委託,1000000,随意契約,-
7,C.,9,,(株)第一テクノ,登記情報システム用非常用自家発電設備点検作業等の役務の委託,1000000,随意契約,-
7,C.,10,,日本加除出版(株),登記統一文字フォントの保守業務,200000,随意契約,-
8,A.,1,7010401052137,東芝ソリューション(株),プリンタ用トナーカートリッジ一式,54000000,2,非公表
8,A.,2,,レスター工業(株),高速プリンタ用A4カット紙,22000000,3,非公表
8,A.,3,2010001027865,福井紙業(株),審査書類用角形窓あき封筒、A4色上質紙等,10000000,3,非公表
8,A.,4,1140001050558,(株)日興商会,漢字プリンタ用紙、年金領収書用プリンタ用紙等,2000000,随意契約,-
8,A.,5,9010902025663,(株)データストレージ,LTO媒体,1000000,4,非公表
8,A.,6,2120001077131,カワセコンピュータサプライ(株),汎用圧着ハガキ用プリンタ用紙,900000,随意契約,-
8,A.,7,6010405003434,(独)国立印刷局,申請人識別ラベル用紙,900000,随意契約,-
8,A.,8,,(株)ユーレックス・ジャパン,受付袋,800000,随意契約,-
8,A.,9,,(株)白橋,年金領収書用プリンタ用紙,1000000,随意契約,-
8,A.,10,8010001073697,(株)アイテックス,受付袋用タックシール,1000000,随意契約,-
8,B.,1,7010401110076,ソフトバンクモバイルサービス(株),広域イーサネットサービス料、三極特許庁ネットワーク用接続サービス料,14000000,随意契約,-
8,B.,2,9011101031552,ＫＤＤＩ(株),広域イーサネットサービス料、日本DNAデータバンク接続用専用回線使用料,8000000,随意契約,-
8,C.,1,9010601021385,(株)ＮＴＴデータ,情報ネットワークシステム用サーバ一式、XML管理サーバ一式等の賃貸借,5404000000,1,非公表
8,C.,2,2010001033475,(株)ＪＥＣＣ,業務用PC一式、Fターム検索サーバ一式等の賃貸借,1506000000,1,非公表
8,C.,3,6010401024970,日立キャピタル(株),PCT受理官庁サーバ一式、XML公報サーバ一式等の賃貸借,988000000,1,非公表
8,C.,4,4010701026198,ＩＢＪＬ東芝リース(株),特実意匠文献サーバ、図形商標サーバ一式等の賃貸借,932000000,1,非公表
8,C.,5,8010401021784,ＮＥＣキャピタルソリューション(株),ネットワーク機器等一式の賃貸借,568000000,2,非公表
8,C.,6,6010401015821,東京センチュリー(株),意匠検索サーバ一式、全文検索サーバ一式等の賃貸借,446000000,3,非公表
8,C.,7,7010401022916,日本電気(株),経済産業省基盤情報システムサービスの賃貸借,91000000,2,非公表
8,C.,8,2011101056358,(株)ＮＴＴデータ・アイ,優先権証明書等データ交換用サーバ一式の賃貸借,50000000,2,非公表
8,C.,9,,ソフトウェア・エー・ジー(株),ADABAS関連ソフトウェアの賃貸借,8000000,随意契約,-
8,C.,10,,(株)ビ－エスピ－,A－AUTOシステム一式の賃貸借,4000000,随意契約,-
8,D.,1,,臨時事務補助職員等,上級システムアドバイザー補助職員,23000000,-,-
8,E.,1,9010601021385,(株)ＮＴＴデータ,記録原本管理システム、窓口系受付システム等の改造,3714000000,随意契約,-
8,E.,2,7010001008844,(株)日立製作所,特実検索システム、登録事務システム等の改造,2973000000,随意契約,-
8,E.,3,7010401052137,東芝ソリューション(株),人事異動及びレイアウト変更等に伴う業務用パソコン等の移設等作業,695000000,2,非公表
8,E.,4,2011101056358,(株)ＮＴＴデータ・アイ,特許庁システムオペレーションサービス等,600000000,1,非公表
8,E.,5,7010401022916,日本電気(株),経済産業省基盤情報サービスの保守及び消耗品の供給等,214000000,2,非公表
8,E.,6,8010001085296,アビームコンサルティング(株),特許庁システムに係る運用管理サービスに関する妥当性検証業務,113000000,3,非公表
8,E.,7,1010001128061,日本アイ・ビー・エム(株),国際意匠(ハーグ)システム設計・開発業者の調達仕様書等作成支援業務,90000000,1,非公表
8,E.,8,9010001045803,新日鉄住金ソリューションズ(株),新規導入予定のハードウェアに関する調達仕様書等作成支援業務,51000000,2,非公表
8,E.,9,1020001071491,富士通(株),意匠検索システム検索機能(ハーグ協定対応(国内段階))の改造,42000000,随意契約,-
8,E.,10,4010401065760,(株)ワンビシアーカイブズ,電子計算機記録データの保管及び搬出・搬入,32000000,随意契約,-
9,A.,1,7010401022916,日本電気(株),個人情報識別システムの心臓部をなすサーバ群等の機器に係る賃貸借料,2964000000,随意契約,-
9,A.,2,,パナソニックシステムソリューションズ(株),旅券自動読取装置購入,999000000,1,0.963
9,A.,3,7010001008844,(株)日立製作所,アプリケーションプログラム改修作業等,592000000,1,0.994
9,A.,4,6010401015821,東京センチュリー(株),個人情報識別システムのバイオメトリクス情報の保存等を行うオープンサーバ機器に係る賃貸借料,239000000,随意契約,-
9,A.,5,8010401021784,ＮＥＣキャピタルソリューション(株),審査端末機器等に係る賃貸借料,71000000,随意契約,-
9,A.,6,7010401006126,沖電気工業(株),自動化ゲートに係る改修作業,66000000,1,0.995
9,A.,7,,三井住友トラスト・パナソニックファイナンス(株),旅券読取装置に係る賃貸借料,64000000,随意契約,-
9,A.,8,2010001033475,(株)ＪＥＣＣ,自動化ゲートシステム装置賃借料,16000000,随意契約,-
9,A.,9,,芙蓉総合リース(株),自動化ゲートシステム装置賃借料,11000000,随意契約,-
10,A.,1,2010001033475,(株)ＪＥＣＣ,日本人審査システム用出国審査端末機器等賃貸借料,516000000,随意契約,-
10,A.,2,6010401024970,日立キャピタル(株),在留カード発行システム等賃貸借料,493000000,1,0.873
10,A.,3,8010005017519,パナソニックシステムソリューションズジャパン(労組),ICカード等消耗品購入,487000000,随意契約,-
10,A.,4,7010001064648,ＮＴＴコミュニケーションズ(株),イーサネットワーク回線使用料等,478000000,随意契約,-
10,A.,5,7010001008844,(株)日立製作所,事前旅客情報システムに係る機器更新に伴うアプリケーション改修等作業,441000000,1,0.998
10,A.,6,8010401021784,ＮＥＣキャピタルソリューション(株),指紋照合システムに係る指紋照合装置用サーバ等,241000000,随意契約,-
10,A.,7,7010401022916,日本電気(株),乗員上陸許可支援システムソフトウエアの改修等作業,225000000,1,0.998
10,A.,8,,三井住友パナソニックファイナンス(株),ICカードプリンタ等賃貸借料,176000000,随意契約,-
10,A.,9,7010401052137,東芝ソリューション(株),システム情報の更新,43000000,3,0.77
10,A.,10,9010001142187,昭和リース(株),事前旅客情報システムに機能強化対応機器等,19000000,随意契約,-
10,C.,1,,(株)ムサシ,外国人出入国情報システム等データ入力委託,186000000,5,0.99
10,C.,2,8010401001563,アデコ(株),外国人出入国情報システム等データ入力委託,28000000,3,0.885
10,C.,3,8011001104582,(株)もしもしホットライン,外国人出入国情報システム等データ入力委託,26000000,3,0.607
10,C.,4,5200001001939,(株)コームラ,タイトルシート作成委託,14000000,3,0.705
10,C.,5,6370001021309,(株)東武,外国人出入国情報システム等データ入力委託,14000000,2,0.611
10,C.,6,,(株)総合人材センター,外国人出入国情報システム等データ入力委託,10000000,4,0.769
10,C.,7,,三和コンピュータ(株),システム関連LAN工事,5000000,2,0.649
10,C.,8,,(株)キャリアステーション,外国人出入国情報システム等データ入力委託,4000000,1,0.959
10,C.,9,7010001008844,(株)日立製作所,システム用審査端末機器等一式移設作業代,4000000,随意契約,-
10,C.,10,,(株)ＨＢＡ,外国人出入国情報システム等データ入力委託,2000000,5,0.595
11,A.,1,6010401024970,日立キャピタル(株),外国人出入国情報システムセンタ機器賃貸借料,2094000000,1,0.996
11,A.,2,7010001008844,(株)日立製作所,外国人出入国情報システムに係る運用支援,532000000,1,0.992
11,A.,3,2010001033475,(株)ＪＥＣＣ,外国人出入国情報システム用審査端末機器等借料,462000000,1,0.873
13,A.,1,7010401022916,日本電気(株),補給管理システムの整備(システム借料),7838000000,一般→随契,0.99
13,B.,1,7010401022916,日本電気(株),補給管理システムの整備(データベース整備),333000000,一般→随契,1
14,A.,1,1010001128061,日本アイ・ビー・エム(株),総合無線局監理システム用コンピュータ機器の借入及び移行作業の請負,4674600000,(※1),-
14,A.,2,1010001128061,日本アイ・ビー・エム(株),総合無線局監理システム用コンピュータ機器の借入れ,657424152,(※2),-
14,A.,3,1010001128061,日本アイ・ビー・エム(株),総合無線局監理システム基幹系機能拡充設計・開発等の請負,607425000,随意契約(公募),-
14,A.,4,1010001128061,日本アイ・ビー・エム(株),総合無線局監理システム用コンピュータ機器の借入れ,462852852,(※2),-
14,A.,5,1010001128061,日本アイ・ビー・エム(株),総合無線局監理システム用コンピュータ機器の借入れ,444452400,(※1),-
14,A.,6,1010001128061,日本アイ・ビー・エム(株),総合無線局監理システムの運用技術支援等の請負,322245000,随意契約(公募),-
14,A.,7,1010001128061,日本アイ・ビー・エム(株),総合無線局監理システムの運用技術支援等の請負,115920000,1,0.9946
14,A.,8,1010001128061,日本アイ・ビー・エム(株),総合無線局監理システム用コンピュータ機器の借入れ,15738602,(※2),-
14,A.,9,1010001128061,日本アイ・ビー・エム(株),総合無線局監理システム用コンピュータ機器の借入れ,9141132,(※2),-
14,A.,10,1010001128061,日本アイ・ビー・エム(株),総合無線局監理システム用コンピュータ機器の借入れ,8085000,(※2),-
14,AA.,1,4010401050341,トッパン・フォームズ(株),「総務省電波利用電子申請・届出システムLite」ID送付用操作解説書の調達,661500,随意契約(少額),-
14,AB.,1,1020001071491,富士通(株),デモ用高速データ通信サービスの提供,708456,随意契約(少額),-
14,AC.,1,,(株)ゼンリン東京営業部,総合無線局監理システム地図データの複製利用許諾に係る調達,664545,随意契約(少額),-
14,AD.,1,7010601037788,リコーリース(株),メールシーラーの借入,681156,随意契約,-
14,AE.,1,8011101028104,東日本電信電話(株),電話回線使用料,347485,随意契約,-
14,AF.,1,,(一財)地方自治情報センター,全国町・字ファイルの調達,315000,随意契約(少額),-
14,AG.,1,1010001067912,(株)ＮＴＴドコモ,携帯電話利用料,165526,随意契約(少額),-
14,AH.,1,8380001000103,(株)阿部紙工,電子申請説明資料等の作成/印刷/送付,293370,随意契約(少額),-
14,AI.,1,,(株)ノヴェロ,電子申請説明会運営支援等,699720,随意契約(少額),-
14,AJ.,1,8380001000103,(株)阿部紙工,電子申請説明資料等の作成/印刷/送付,293370,随意契約(少額),-
14,AK.,1,,(株)アド・ルーム,電子申請説明会運営支援等,615825,随意契約(少額),-
14,AL.,1,8380001000103,(株)阿部紙工,電子申請説明資料等の作成/印刷/送付,293370,随意契約(少額),-
14,AM.,1,,(株)日経広告,電子申請説明会運営支援等,231000,随意契約(少額),-
14,AM.,2,6010001062000,(株)日本経済社,電子申請説明会運営支援等,358050,随意契約(少額),※1
14,AN.,1,,(株)エスティック,電子申請説明会運営支援等,359835,随意契約(少額),-
14,AO.,1,8380001000103,(株)阿部紙工,電子申請説明資料等の作成/印刷/送付,293370,随意契約(少額),-
14,AP.,1,,(株)和幸印刷,電子申請説明資料等の作成/印刷/送付,249900,随意契約(少額),-
14,AQ.,1,,(株)日栄舎,電子申請説明資料等の作成/印刷/送付,136080,随意契約(少額),-
14,AR.,1,,(株)デルタプリント,電子申請説明資料等の作成/印刷/送付,84000,随意契約(少額),-
14,AS.,1,,(株)千修アイテム,電子申請説明資料等の作成/印刷/送付,42210,随意契約(少額),-
14,AT.,1,,日本郵便(株),電子申請説明資料等の作成/印刷/送付,22230,一般競争入札,※2
14,AT.,2,,日本郵便(株),電子申請説明資料等の作成/印刷/送付,10820,随意契約(少額),-
14,AT.,3,,日本郵便(株),電子申請説明資料等の作成/印刷/送付,3030,随意契約(少額),-
14,AT.,4,,日本郵便(株),電子申請説明資料等の作成/印刷/送付,2856,随意契約(少額),-
14,AU.,1,,グランド印刷(株),電子申請説明資料等の作成/印刷/送付,33600,随意契約(少額),-
14,AV.,1,,石川交通(株),電子申請説明会運営支援等,5260,随意契約(少額),-
14,AW.,1,,となみ観光交通(株),電子申請説明資料等の作成/印刷/送付,5480,随意契約(少額),-
14,AX.,1,,高知県水産会館,電子申請説明資料等の作成/印刷/送付,2100,随意契約(少額),-
14,B.,1,7010401022916,日本電気(株),総合無線局監理システム情報系業務に関わる機能開発等の請負,258930000,随意契約(公募),-
14,B.,2,7010401022916,日本電気(株),総合無線局監理システムと連携した電話応答システムの保守及びオペレータ業務の請負,18849600,随意契約(公募),-
14,C.,1,8011101022577,(株)理経,総合無線局監理システム用コンピュータ機器の借入れ,103082540,(※2),-
14,C.,2,8011101022577,(株)理経,総合無線局監理システムのバックアップセンターの借入れ,69274800,(※1),-
14,C.,3,8011101022577,(株)理経,総合無線局監理システムのオペレーションセンターの借入れ,20996892,(※1),-
14,C.,4,8011101022577,(株)理経,総合無線局監理システムのバックアップセンターの電気代,3517885,随意契約,-
14,D.,1,7010401001556,アクセンチュア(株),総合無線局管理システムにおけるプロジェクト・マネジメント支援等業務の請負,160083000,(※1),-
14,E.,1,,東北インフォメーション・システムズ(株),総合無線局監理システムのプライマリセンターの借入れ,103555620,(※1),-
14,E.,2,,東北インフォメーション・システムズ(株),総合無線局監理システムのプライマリセンターの電気代,27038497,随意契約,-
14,F.,1,3120001079845,さくらインターネット(株),総合無線局監理システムの新プライマリセンターの借入れ,91199997,(※1),-
14,F.,2,3120001079845,さくらインターネット(株),総合無線局監理システムの新プライマリセンターの電気代,24772008,随意契約,-
14,G.,1,6010001011147,(株)インターネットイニシアティブ,広域LAN接続サービス等(主回線)提供の請負,36172500,(※1),-
14,G.,2,6010001011147,(株)インターネットイニシアティブ,新広域LAN接続サービス等(主回線)提供の請負,20277600,2,0.9998
14,G.,3,6010001011147,(株)インターネットイニシアティブ,新インターネット接続サービス(主回線)等提供の請負,12114690,2,0.9393
14,G.,4,6010001011147,(株)インターネットイニシアティブ,インターネット接続サービス(副回線)等提供の請負,5258715,随意契約(公募),-
14,G.,5,6010001011147,(株)インターネットイニシアティブ,インターネット接続サービス(IPv6回線)等提供の請負,2281125,随意契約(公募),-
14,G.,6,6010001011147,(株)インターネットイニシアティブ,データ通信回線(新プライマリセンター)等提供の請負,1109640,随意契約(少額),-
14,H.,1,9010601021385,(株)ＮＴＴデータ,総合無線局監理システムの新バックアップセンターの借入れ,31374000,(※1),-
14,H.,2,9010601021385,(株)ＮＴＴデータ,総合無線局監理システムの新バックアップセンターの電気料金,25585592,随意契約,-
14,I.,1,5020001016039,マンパワーグループ(株),地方総合通信局及び沖縄総合通信事務所等における無線局諸元整理等作業に係る補助の請負,48396618,1,0.9977
14,J.,1,7010001064648,ＮＴＴコミュニケーションズ(株),広域LAN接続サービス等(副回線)提供の請負,30065453,(※1),-
14,J.,2,7010001064648,ＮＴＴコミュニケーションズ(株),マルチペイメントネットワークシステム接続用回線等提供の請負,5748435,(※1),-
14,J.,3,7010001064648,ＮＴＴコミュニケーションズ(株),電話回線使用料,2591180,随意契約,-
14,J.,4,7010001064648,ＮＴＴコミュニケーションズ(株),新マルチペイメントネットワークシステム接続等(副回線),2112012,1,0.9956
14,J.,5,7010001064648,ＮＴＴコミュニケーションズ(株),新マルチペイメントネットワークシステム接続等(主回線),1864485,1,0.8791
14,K.,1,4010401041588,日本ビジネスシステムズ(株),新広域LAN接続サービス等(副回線)提供の請負,13126380,2,0.8216
14,K.,2,4010401041588,日本ビジネスシステムズ(株),新インターネット接続サービス(副回線)等提供の請負,10148000,1,0.892
14,K.,3,4010401041588,日本ビジネスシステムズ(株),総合無線局監理システムの新プライマリセンタ等向けの什器1式,5834010,1,0.9223
14,K.,4,4010401041588,日本ビジネスシステムズ(株),送料受取人払システム用回線提供の請負,1669500,1,0.6625
14,L.,1,,芙蓉総合リース(株),総合無線局監理システム用コンピュータ機器の借入れ,16177513,(※2),-
14,M.,1,6010001062000,(株)日本経済社,無線局申請等手続きにおける電子申請普及促進のための作業支援の請負,14999998,随意契約(企画競争),-
14,N.,1,2010801020474,(株)ＩＳＴソフトウェア,平成25年度総合無線局監理システムの外部評価業務の請負,11970000,1,1
14,O.,1,,(株)ミヤギ,総合無線局管理システムの運用に関する消耗品の調達,6881364,3,0.5868
14,P.,1,,東北インテリジェント通信(株),インターネット接続サービス(主回線)等提供の請負,5881785,随意契約(公募),-
14,P.,2,,東北インテリジェント通信(株),データ通信用回線(オペレーションセンター)等提供の請負,733425,随意契約(少額),-
14,Q.,1,2010801012579,(株)リコー,複写機・プリンタ用消耗品Ⅰ1式,5462289,随意契約(公募),-
14,Q.,2,2010801012579,(株)リコー,複写機の保守Ⅶ(リコー製)の請負,126406,随意契約(公募),-
14,Q.,3,2010801012579,(株)リコー,複写機の借入Ⅰ－19(リコー製),15120,随意契約(公募),-
14,R.,1,,(株)ラック(旧(株)アイティ－クル－),索引住所データライセンスの借入一式,3199350,(※2),-
14,R.,2,,(株)ラック(旧(株)アイティ－クル－),業務分析ソフトウェアライセンスの借入一式,2343517,(※2),-
14,S.,1,8010401021784,ＮＥＣキャピタルソリューション(株),総合無線局監理システム用収納情報連絡用機器の借入,5227134,(※2),-
14,S.,2,8010401021784,ＮＥＣキャピタルソリューション(株),総合無線局監理システム用コンピュータ機器の借入れ,144078,(※2),-
14,T.,1,,(株)昭電東北支店,総合無線局監理システムのプライマリセンターの原状復帰に係る工事等,4347000,随意契約,-
14,U.,1,,(一財)自治体衛星通信機構,公的個人認証サービスが提供する本人情報の利用,3500000,随意契約,-
14,V.,1,4010001095076,(株)ファイブドライブ,平成25年度総合無線局監理システムのシステム監査の請負,2058000,2,0.5833
14,W.,1,,(株)ＮＴＴピー・シーコミュニケーションズ,総合無線局監理システムに係る収納情報連絡用オンライン通信回線の借入,1523550,随意契約,-
14,W.,2,,(株)ＮＴＴピー・シーコミュニケーションズ,通信料,51450,随意契約(少額),-
14,X.,1,8011101028104,東日本電信電話(株),電話代,1273223,随意契約,-
14,Y.,1,,(株)日経広告,「総務省電波利用電子申請・届出システムLite」ID送付用操作解説書の作成,966000,随意契約(少額),-
14,Z.,1,,浅海電気(株),現用カードキー利用に係るカードリーダー及び電気錠の設置,941735,随意契約(少額),-
15,A.機器等借料,1,9010601021385,(株)ＮＴＴデータ,e-Taxの運用のための再編成・統合用(本番・検証環境)ソフトウェアのレンタル料,339000000,※,-
15,A.機器等借料,1,9010601021385,(株)ＮＴＴデータ,e-Taxの運用のための再編成・統合用(開発・試験環境)センターサーバのレンタル料,392000000,※,-
15,A.機器等借料,1,9010601021385,(株)ＮＴＴデータ,e-Taxの運用のための再編成・統合用(本番・検証環境)センターサーバのレンタル料,2308000000,※,-
15,A.機器等借料,1,9010601021385,(株)ＮＴＴデータ,e-Taxの運用のための再編成・統合用(本番・検証環境)税務署サーバのレンタル料,71000000,※,-
15,A.機器等借料,2,,(株)富士通エフサス、東京センチュリーリース(株),e-Taxの運用のための再編成・統合用(本番・検証環境)ネットワーク機器のレンタル料,155000000,※,-
15,A.機器等借料,2,,(株)富士通エフサス、東京センチュリーリース(株),e-Taxの運用のための通信機器のレンタル料,2000000,※,-
15,A.機器等借料,3,,ＫＤＤＩ(株)、ＮＴＴファイナンス(株),確定申告会場で使用する作成コーナーパソコンのレンタル料,0,2,-
15,A.機器等借料,3,,ＫＤＤＩ(株)、ＮＴＴファイナンス(株),確定申告会場で使用する作成コーナーパソコンのレンタル料,14000000,※,-
15,A.機器等借料,3,,ＫＤＤＩ(株)、ＮＴＴファイナンス(株),確定申告会場で使用する作成コーナーパソコンのレンタル料,9000000,※,-
15,A.機器等借料,4,6010401015821,東京センチュリー(株),e-Taxの運用のための再編成・統合用(開発・試験環境)ネットワーク機器のレンタル料,19000000,※,-
15,A.機器等借料,5,1010601027646,富士ソフトサービスビューロ(株),e-Tax利用者のための庁ヘルプデスクの施設借料,13000000,※,-
15,A.機器等借料,6,,(株)ラック、オリックス(株),e-Taxの運用のための不正アクセス検知機器のレンタル料,9000000,※,-
15,A.機器等借料,7,1010401063569,広友イノテックス(株),納税者向けe-Tax研修会・説明会で使用するパソコン等のレンタル料,8000000,1,-
15,A.機器等借料,8,6010601032609,ＮＴＴデータ・カスタマサービス(株),確定申告会場で使用する作成コーナーパソコンのレンタル料,6000000,※,-
15,A.機器等借料,9,7010001064648,ＮＴＴコミュニケーションズ(株),確定申告会場のインターネット環境用サーバのレンタル料,5000000,※,-
15,A.機器等借料,10,,富士通エフ・オー・エム(株),納税者向けe-Tax研修会・説明会で使用するパソコン等のレンタル料,3000000,3,-
15,B.雑役務費,1,9010601021385,(株)ＮＴＴデータ,e-Taxのシステム開発費,1344000000,随意契約,-
15,B.雑役務費,1,9010601021385,(株)ＮＴＴデータ,e-Taxのシステム運用支援要員の人件費(H25.4～H25.6),191000000,※,-
15,B.雑役務費,1,9010601021385,(株)ＮＴＴデータ,e-Taxのシステム運用支援要員の人件費(H25.7～H26.3),645000000,随意契約,-
15,B.雑役務費,1,9010601021385,(株)ＮＴＴデータ,e-Taxのシステム開発費(最適化長期計画に係る開発),186000000,1,-
15,B.雑役務費,2,1010601027646,富士ソフトサービスビューロ(株),e-Taxホームページ等に係る動画コンテンツ等制作,600000,随意契約,-
15,B.雑役務費,2,1010601027646,富士ソフトサービスビューロ(株),e-Tax利用者のための庁ヘルプデスクのオペレータ,446000000,※,-
15,B.雑役務費,3,2010601032678,(株)ＮＴＴデータＳＭＳ,e-Taxセンター機器のオペレータの人件費,76000000,3,-
15,B.雑役務費,3,2010601032678,(株)ＮＴＴデータＳＭＳ,e-Taxセンター機器のオペレータの人件費,19000000,※,-
15,B.雑役務費,4,9011101031552,ＫＤＤＩ(株),確定申告会場で使用する作成コーナーパソコンの初期設定業務,92000000,随意契約,-
15,B.雑役務費,5,7010001064648,ＮＴＴコミュニケーションズ(株),確定申告会場のインターネット環境用サーバの運用支援要因の人件費,51000000,※,-
15,B.雑役務費,6,4010001054032,(株)野村総合研究所,e-Taxのシステム運用に係る工程管理支援業務,23000000,2,-
15,B.雑役務費,6,4010001054032,(株)野村総合研究所,e-Taxの最適なシステム構成等の在り方等の調査業務,21000000,随意契約,-
15,B.雑役務費,7,1011101009465,情報技術開発(株),e-Taxセンター機器のオペレータの人件費,29000000,3,-
15,B.雑役務費,7,1011101009465,情報技術開発(株),e-Taxセンター機器のオペレータの人件費,13000000,※,-
15,B.雑役務費,8,5010001006767,(株)富士通マーケティング,確定申告会場で使用する作成コーナーパソコンの設定業務,38000000,2,-
15,B.雑役務費,9,1010401063569,広友イノテックス(株),確定申告会場で使用する作成コーナーパソコンの設定業務,600000,1,-
15,B.雑役務費,9,1010401063569,広友イノテックス(株),確定申告会場で使用する作成コーナーパソコンの設定業務等(3件),800000,－,-
15,B.雑役務費,9,1010401063569,広友イノテックス(株),確定申告会場等のLAN配線の敷設、パソコンの設定業務,10000000,2,-
15,B.雑役務費,9,1010401063569,広友イノテックス(株),確定申告会場等のLAN配線の敷設、パソコンの設定業務,24000000,3,-
15,B.雑役務費,9,1010401063569,広友イノテックス(株),確定申告会場等のLAN配線の敷設等業務,1000000,4,-
15,B.雑役務費,9,1010401063569,広友イノテックス(株),確定申告会場等のLAN配線の敷設等業務,900000,随意契約,-
15,B.雑役務費,10,6010601032609,ＮＴＴデータ・カスタマサービス(株),確定申告会場で使用する作成コーナーパソコンの設定業務,15000000,3,-
15,B.雑役務費,10,6010601032609,ＮＴＴデータ・カスタマサービス(株),確定申告会場等のLAN配線の敷設等業務,17000000,2,-
15,C.印刷製本費,1,7010001012862,新生紙パルプ商事(株),確定申告会場で配付するe-Tax操作マニュアルの印刷用紙,33000000,3,-
15,C.印刷製本費,2,2120001077131,カワセコンピュータサプライ(株),納税者に対して確定申告のお知らせを行うためのはがきの刷成,31000000,9,-
15,C.印刷製本費,2,2120001077131,カワセコンピュータサプライ(株),納税者に対して確定申告のお知らせを行うためのはがきの刷成,9000000,6,-
15,C.印刷製本費,3,,東京ラインプリンタ印刷(株),納税者に対して確定申告のお知らせを行うためのはがきの刷成,31000000,9,-
15,C.印刷製本費,4,,(株)イセトー,納税者に対して確定申告のお知らせを行うためのはがきの刷成,30000000,8,-
15,C.印刷製本費,5,,寿堂紙製品工業(株),確定申告書会場で配付するe-Tax利用者識別番号保管封筒の刷成,21000000,4,-
15,C.印刷製本費,6,5180001091941,(株)ネッツ,確定申告会場で配付するe-Tax操作マニュアルの刷成,10000000,6,-
15,C.印刷製本費,7,,(株)恵和ビジネス,納税者に対して確定申告のお知らせを行うためのはがきの刷成,9000000,7,-
15,C.印刷製本費,8,,ナカバヤシ(株),納税者に対して確定申告のお知らせを行うためのはがきの刷成,7000000,5,-
15,C.印刷製本費,9,,藤庄印刷(株),e-Tax研修会で使用するe-Tax操作マニュアルの刷成,900000,随意契約,-
15,C.印刷製本費,9,,藤庄印刷(株),e-Tax研修会で使用するe-Tax操作マニュアルの刷成,400000,随意契約,-
15,C.印刷製本費,9,,藤庄印刷(株),e-Tax研修会で使用するe-Tax操作マニュアルの刷成,800000,随意契約,-
15,C.印刷製本費,9,,藤庄印刷(株),e-Tax研修会で使用するe-Tax操作マニュアルの刷成,800000,随意契約,-
15,C.印刷製本費,10,5013101000342,不二オフセット(株),e-Tax研修会で使用するe-Tax操作マニュアルの刷成,1000000,随意契約,-
15,D.通信関係経費,1,7010001064648,ＮＴＴコミュニケーションズ(株),マルチペイメントネットワーク回線使用料,8000000,随意契約,-
15,D.通信関係経費,1,7010001064648,ＮＴＴコミュニケーションズ(株),確定申告書会場のインターネット回線使用料(6件),40000,－,-
15,D.通信関係経費,1,7010001064648,ＮＴＴコミュニケーションズ(株),確定申告書会場のインターネット回線使用料,80000,随意契約,-
15,D.通信関係経費,1,7010001064648,ＮＴＴコミュニケーションズ(株),確定申告書会場のインターネット回線使用料,100000,随意契約,-
15,D.通信関係経費,1,7010001064648,ＮＴＴコミュニケーションズ(株),マルチペイメントネットワーク回線(試験用)使用料,3000000,随意契約,-
15,D.通信関係経費,1,7010001064648,ＮＴＴコミュニケーションズ(株),庁ヘルプデスクのナビダイヤル通話料,46000000,随意契約,-
15,D.通信関係経費,2,7010401110076,ソフトバンクモバイルサービス(株),e-Taxのインターネット回線使用料,24000000,※,-
15,D.通信関係経費,2,7010401110076,ソフトバンクモバイルサービス(株),確定申告会場で使用するモバイル通信端末の通信料,70000,随意契約,-
15,D.通信関係経費,2,7010401110076,ソフトバンクモバイルサービス(株),確定申告会場で使用するモバイル通信端末の通信料,500000,随意契約,-
15,D.通信関係経費,2,7010401110076,ソフトバンクモバイルサービス(株),e-Taxダウンロード用回線プロバイダ料,300000,随意契約,-
15,D.通信関係経費,2,7010401110076,ソフトバンクモバイルサービス(株),e-Taxホームページ更新用の回線プロバイダ料,100000,随意契約,-
15,D.通信関係経費,2,7010401110076,ソフトバンクモバイルサービス(株),確定申告会場で使用するモバイル通信端末の通信料,200000,随意契約,-
15,D.通信関係経費,3,9011101031552,ＫＤＤＩ(株),e-Taxのインターネット回線(試験用)使用料,2000000,随意契約,-
15,D.通信関係経費,3,9011101031552,ＫＤＤＩ(株),マルチペイメントネットワーク回線使用料,3000000,随意契約,-
15,D.通信関係経費,3,9011101031552,ＫＤＤＩ(株),e-Taxのインターネット回線(試験用)使用料,2000000,※,-
15,D.通信関係経費,3,9011101031552,ＫＤＤＩ(株),確定申告書会場のインターネット回線使用料,14000000,2,-
15,D.通信関係経費,4,8011101028104,東日本電信電話(株),庁ヘルプデスクのナビダイヤル回線使用料,7000000,随意契約,-
15,D.通信関係経費,4,8011101028104,東日本電信電話(株),確定申告会場のインターネット回線導入費,8000000,2,-
15,D.通信関係経費,4,8011101028104,東日本電信電話(株),確定申告書会場のインターネット回線使用料等(7件),2000000,－,-
15,D.通信関係経費,4,8011101028104,東日本電信電話(株),確定申告書会場のインターネット回線使用料,500000,随意契約,-
15,D.通信関係経費,5,1010001067912,(株)ＮＴＴドコモ,納税者のe-Tax研修会用モバイル通信端末の通信料,2000000,随意契約,-
15,D.通信関係経費,5,1010001067912,(株)ＮＴＴドコモ,確定申告会場で使用するモバイル通信端末の通信料,6000000,2,-
15,D.通信関係経費,5,1010001067912,(株)ＮＴＴドコモ,納税者のe-Tax研修会用モバイル通信端末の通信料,2000000,－,-
15,D.通信関係経費,5,1010001067912,(株)ＮＴＴドコモ,納税者のe-Tax研修会用モバイル通信端末の通信料,2000000,随意契約,-
15,D.通信関係経費,6,5010001006767,(株)富士通マーケティング,確定申告会場で使用するモバイル通信端末の通信料,5000000,2,-
15,D.通信関係経費,7,,イー・アクセス(株),確定申告会場で使用するモバイル通信端末の通信料,900000,随意契約,-
15,D.通信関係経費,7,,イー・アクセス(株),確定申告会場で使用するモバイル通信端末の通信料,900000,随意契約,-
15,D.通信関係経費,8,,(株)トクアオ,確定申告会場で使用するモバイル通信端末の通信料,1000000,3,-
15,D.通信関係経費,9,,アコムレンタル(株),確定申告会場で使用するモバイル通信端末の通信料,700000,2,-
15,D.通信関係経費,10,9013301016102,(株)ＮＴＴぷらら,確定申告書会場のインターネット回線使用料,600000,随意契約,-
15,E.広報関係経費,1,1010001031728,(株)読売エージェンシー,e-Taxの利用促進のためのインターネット広告,32000000,9,-
15,E.広報関係経費,2,,(株)京王エージェンシー,e-Taxの利用促進のための鉄道車内映像広告,13000000,5,-
15,E.広報関係経費,3,5010001067883,(株)アイネット,e-Taxの利用促進のためのリーフレットの刷成,3000000,4,-
15,E.広報関係経費,3,5010001067883,(株)アイネット,e-Taxの利用促進のためのリーフレットの刷成,2000000,随意契約,-
15,E.広報関係経費,4,,中庄(株),e-Taxの利用促進のためのリーフレットの印刷用紙,5000000,5,-
15,E.広報関係経費,5,,(株)電通,e-Taxの利用促進のためのシネマスクリーン広告,3000000,9,-
15,E.広報関係経費,5,,(株)電通,e-Taxの利用促進のための鉄道車内放送広告,2000000,5,-
15,E.広報関係経費,6,,(公社)日本広報協会,e-Tax広報に関するコンサルティング業務の委託,5000000,1,-
15,E.広報関係経費,7,5180001091941,(株)ネッツ,e-Taxの利用促進のためのリーフレットの刷成,4000000,3,-
15,E.広報関係経費,8,,西ノ宮(株),e-Taxの利用促進のためのリーフレットの印刷用紙,4000000,6,-
15,E.広報関係経費,9,,開発エンジニアリング(株),e-Taxの利用に関するアンケートの集計及び分析作業、システム構築,3000000,1,-
15,E.広報関係経費,10,,(株)大広メディアックス,e-Taxの利用促進のための鉄道車内放送広告,2000000,1,-
15,F.備品費,1,6010001055730,(株)文祥堂,確定申告会場で使用する作成コーナープリンタ及び付属機器の購入,17000000,2,-
15,F.備品費,2,1010001012983,(株)大塚商会,確定申告会場で使用するスイッチングハブの購入,3000000,5,-
15,F.備品費,3,7010001064648,ＮＴＴコミュニケーションズ(株),税務署で使用するICカードリーダライタの購入,2000000,1,-
15,F.備品費,4,9010601021385,(株)ＮＴＴデータ,e-Tax検証用スマートデバイスの購入,2000000,随意契約,-
15,F.備品費,5,6010601032609,ＮＴＴデータ・カスタマサービス(株),e-Taxのシステム運用のための管理用パソコンの購入,700000,随意契約,-
15,F.備品費,5,6010601032609,ＮＴＴデータ・カスタマサービス(株),e-Taxのシステム運用のための検証用パソコンの購入,500000,随意契約,-
15,F.備品費,6,,東芝情報機器(株),確定申告会場で使用するスイッチングハブの購入,100000,随意契約,-
15,F.備品費,7,,文祥堂商事(株),e-Taxのシステム運用のための検証用プリンタの購入,70000,随意契約,-
15,F.備品費,8,,(株)篠田商会,確定申告会場で使用するスイッチングハブの購入,50000,随意契約,-
16,A.,1,9010601021385,(株)ＮＴＴデータ,アプリケーション保守経費,1038000000,1,94.5
16,A.,2,9010601021385,(株)ＮＴＴデータ,アプリケーション改修,986000000,1,98.4
16,A.,3,9010601021385,(株)ＮＴＴデータ,ハードウェア・ソフトウェア等導入及び保守業務,654000000,1,94.5
16,A.,4,9010601021385,(株)ＮＴＴデータ,局署端末用消耗品,222000000,1,97.3
16,A.,5,9010601021385,(株)ＮＴＴデータ,運用等業務,208000000,4,36.8
16,A.,6,6010001030403,(株)三菱総合研究所,コンサルティング業務,166000000,1,94.1
16,A.,7,9010601021385,(株)ＮＴＴデータ,制度改正・事務簡素化等のための改修業務,96000000,1,94.9
16,A.,8,9010601021385,(株)ＮＴＴデータ,OCRスキャナ消耗品,59000000,1,94.8
16,A.,9,2010001010788,伊藤忠テクノソリューションズ(株),ハードウェア・ソフトウェア借入経費(再リース),51000000,随意契約,-
16,A.,10,6010601032609,ＮＴＴデータ・カスタマサービス(株),拠点LAN導入・保守経費,47000000,7,33.8
16,B.,1,7010001008844,(株)日立製作所,ハードウェア・ソフトウェア借入経費,203000000,2,71.3
16,B.,2,9010601021385,(株)ＮＴＴデータ,制度改正・事務簡素化等のための改修業務,191000000,1,94.9
16,B.,3,9010601021385,(株)ＮＴＴデータ,運用等業務,162000000,2,61.1
16,B.,4,9010601021385,(株)ＮＴＴデータ,端末等の追加調達,151000000,1,97
16,B.,5,7010001008844,(株)日立製作所,アプリケーション保守経費,81000000,2,57.1
16,B.,6,7010001008844,(株)日立製作所,設計・開発等業務,73000000,4,31.2
16,B.,7,6010001030403,(株)三菱総合研究所,工程管理等支援業務,69000000,1,75.7
16,B.,8,7010001008844,(株)日立製作所,追加開発等業務,58000000,4,31.2
16,B.,9,9010601021385,(株)ＮＴＴデータ,ハードウェア・ソフトウェア等導入及び保守業務,30000000,1,94.5
16,B.,10,3013301025851,(株)ＮＴＴエムイー,労災保険ネットワーク経費,18000000,随意契約,-
16,C.,1,9010601021385,(株)ＮＴＴデータ,ハードウェア・ソフトウェア等導入及び保守業務,1681000000,1,94.5
16,C.,2,9010601021385,(株)ＮＴＴデータ,アプリケーション保守経費,445000000,2,57.1
16,C.,3,9010601021385,(株)ＮＴＴデータ,制度改正・事務簡素化等のための改修業務,351000000,1,94.9
16,C.,4,9010601021385,(株)ＮＴＴデータ,局署端末用消耗品,222000000,1,97.3
16,C.,5,9010601021385,(株)ＮＴＴデータ,運用等業務,208000000,4,36.8
16,C.,6,9010601021385,(株)ＮＴＴデータ,アプリケーション改修,183000000,1,98.4
16,C.,7,2010001010788,伊藤忠テクノソリューションズ(株),ハードウェア・ソフトウェア借入経費(再リース),132000000,随意契約,-
16,C.,8,6010001030403,(株)三菱総合研究所,コンサルティング業務,131000000,1,94.1
16,C.,9,9010601021385,(株)ＮＴＴデータ,OCRスキャナ消耗品,59000000,1,94.8
16,C.,10,6010601032609,ＮＴＴデータ・カスタマサービス(株),拠点LAN導入・保守経費,31000000,7,33.8
16,D.,1,,日本郵便(株),郵便料金,158000000,随意契約,-
16,D.,2,,(株)エヌ・ユー・エス,労災療養補償給付、労災休業給付等の支払振込通知書の印書等業務,50000000,2,91
16,D.,3,3010701024038,リコーソリューションズ東京(株),レセプト管理支援機器の賃貸借・保守,43000000,随意契約,-
16,D.,4,6010001001081,永和印刷(株),労災保険業務用紙の印刷,14000000,4,95.2
16,D.,5,8010601026369,(株)日比谷コンピュータシステム,診療費、アフターケア委託費等の支払振込通知書の印書等業務,13000000,2,54.4
16,D.,6,,(株)エヌ・ユー・エス,年金たる保険給付の受給権者～定期報告関係用紙の作成・印書等業務,9000000,1,90
16,D.,7,,(株)ニチイ学館,平成25年度労災診療費分析・集計業務,9000000,1,97.9
16,D.,8,,三信図書(有),図書「労災保険関係法令集(平成26年度版)」1565部の購入,6000000,1,86.8
16,D.,9,,(株)バックスグループ,第三者行為災害に係る債権の納入督励業務,6000000,4,66.6
16,D.,10,,(株)白樺写真工芸,日本で働く外国人向け労災保険請求のためのガイドブックの印刷,3000000,2,89.7
16,E.,1,,大阪労働局,労災保険給付業務,354000000,-,-
16,E.,2,,愛知労働局,労災保険給付業務,296000000,-,-
16,E.,3,,東京労働局,労災保険給付業務,289000000,-,-
16,E.,4,,北海道労働局,労災保険給付業務,223000000,-,-
16,E.,5,,神奈川労働局,労災保険給付業務,213000000,-,-
16,E.,6,,兵庫労働局,労災保険給付業務,174000000,-,-
16,E.,7,,埼玉労働局,労災保険給付業務,142000000,-,-
16,E.,8,,福岡労働局,労災保険給付業務,140000000,-,-
16,E.,9,,広島労働局,労災保険給付業務,126000000,-,-
16,E.,10,,千葉労働局,労災保険給付業務,125000000,-,-
17,B.,1,,(株)両備システムズ,地図数値化作業等,8000000,1,0.985
17,B.,2,6010601032609,ＮＴＴデータ・カスタマサービス(株),地図情報システムの機器移設等,3000000,随意契約,-
17,B.,3,,国土情報開発(株),地図数値化作業,2000000,随意契約,-
17,B.,4,,個人Ａ,非常勤職員(地図管理業務の補助)の雇用,1000000,-,-
17,B.,5,,個人Ｂ,非常勤職員(地図管理業務の補助)の雇用,1000000,-,-
17,B.,6,,個人Ｃ,非常勤職員(地図管理業務の補助)の雇用,1000000,-,-
17,B.,7,,個人Ｄ,非常勤職員(地図管理業務の補助)の雇用,1000000,-,-
17,B.,8,,個人Ｅ,非常勤職員(地図管理業務の補助)の雇用,1000000,-,-
17,B.,9,,個人Ｆ,非常勤職員(地図管理業務の補助)の雇用,1000000,-,-
17,B.,10,,個人Ｇ,非常勤職員(地図管理業務の補助)の雇用,1000000,-,-
17,C,1,9010601021385,(株)ＮＴＴデータ,地図情報システムに係る機器賃貸借，運用等業務,4322000000,2,0.989
17,C,2,8010401005011,ＮＴＴファイナンス(株),地図情報システムに係る機器賃貸借,1789000000,1,0.999
17,C,3,,国土情報開発(株),地図分類図出力ツールの開発等業務,54000000,2,0.981
17,C,4,8010001085296,アビームコンサルティング(株),次期地図情報システムの要件定義,50000000,1,0.813
17,C,5,2010001033475,(株)ＪＥＣＣ,空調機等賃貸借,18000000,随意契約,-
17,C,6,1020001071491,富士通(株),システム連動支援業務,15000000,1,0.981
17,C,7,4010501033353,ＮＴＴ空間情報(株),電子住宅地図データ作成業務,11000000,随意契約,-
17,C,8,6020001077096,富士古河Ｅ＆Ｃ(株),空調機賃貸借,200000,随意契約,-
17,C,9,,佐川急便(株),HDD搬送業務,200000,随意契約,-
18,A.㈱NTTデータ,1,9010601021385,(株)ＮＴＴデータ,官庁会計システム用機器(環境Ⅰ)の賃貸借,2531000000,1,-
18,A.㈱NTTデータ,2,9010601021385,(株)ＮＴＴデータ,官庁会計システム等の機能追加に係る業務,291000000,1,-
18,A.㈱NTTデータ,3,9010601021385,(株)ＮＴＴデータ,官庁会計システム等に係る保守管理業務,665000000,1,-
18,A.㈱NTTデータ,4,9010601021385,(株)ＮＴＴデータ,電算機械室等の賃貸借,98000000,随意契約,-
18,A.㈱NTTデータ,5,9010601021385,(株)ＮＴＴデータ,官庁会計システム用機器(環境Ⅱ)の賃貸借,65000000,1,-
18,A.㈱NTTデータ,6,9010601021385,(株)ＮＴＴデータ,マルチペイメントネットワーク共通ソフトウェアの保守,3000000,随意契約,-
18,A.㈱NTTデータ,7,9010601021385,(株)ＮＴＴデータ,マルチペイメントネットワーク接続試験料,500000,随意契約,-
18,A.㈱NTTデータ,8,9010601021385,(株)ＮＴＴデータ,マルチペイメントネットワーク接続試験ツールの保守,400000,随意契約,-
18,A.㈱NTTデータ,9,9010601021385,(株)ＮＴＴデータ,マルチペイメントネットワークセキュリティモジュールライセンス取得,200000,随意契約,-
18,B.東京センチュリーリース㈱,1,6010401015821,東京センチュリー(株),歳入金電子納付システム用機器の賃貸借,341000000,1,-
18,B.東京センチュリーリース㈱,2,6010401015821,東京センチュリー(株),官庁会計システム用機器(環境Ⅲ)の賃貸,36000000,1,-
18,C.日本郵便㈱,1,,日本郵便(株),国庫金振込通知書等の郵送,208000000,随意契約,-
18,D.㈱NTTコミュニケーションズ,1,,(株)ＮＴＴコミュニケーションズ,センター間接続用回線等の提供,49000000,1,-
18,D.㈱NTTコミュニケーションズ,2,,(株)ＮＴＴコミュニケーションズ,特定外部システムとの接続に係る回線等の提供,12000000,1,-
18,D.㈱NTTコミュニケーションズ,3,,(株)ＮＴＴコミュニケーションズ,監視支援機器接続用回線の提供,4000000,随意契約,-
18,D.㈱NTTコミュニケーションズ,4,,(株)ＮＴＴコミュニケーションズ,マルチペイメントネットワーク接続用回線等の提供,3000000,随意契約,-
18,E.㈱NTTデータ・アイ,1,2011101056358,(株)ＮＴＴデータ・アイ,官庁会計システムの操作説明に係る操作支援業務,60000000,2,-
18,F.その他,1,4010401050341,トッパン・フォームズ(株),国庫金振込通知書の印刷,7000000,2,-
18,F.その他,2,,(株)田中印刷,電子納付用納入告知書・納付書の印刷,6000000,2,-
18,F.その他,3,2010801012579,(株)リコー,セキュリティ設備一式の保守,4000000,随意契約,-
18,F.その他,4,,東杏印刷(株),電子納付用納入告知書・納付書発送用封筒,2000000,3,-
18,F.その他,5,,(株)スペースアイ,日本銀行本店等への運転業務等,2000000,3,-
18,F.その他,6,4010401065760,(株)ワンビシアーカイブズ,磁気テープ等の保管等業務,2000000,1,-
18,F.その他,7,8010001036398,(株)秋山商会,DAT・LTO等の外部記憶媒体の購入等,1000000,1,-
18,F.その他,8,4021001041770,ファイナンスプリント(株),操作説明会等に係るテキスト印刷等,1000000,2,-
18,F.その他,9,1010001067912,(株)ＮＴＴドコモ,衛星携帯電話の購入,900000,随意契約,-
18,F.その他,10,,(株)日産フィナンシャルサービス,自動車の賃貸借,800000,随意契約,-
19,A.,1,7010001008844,(株)日立製作所,社会保障・税番号制度導入システム開発,17000000,随意契約,-
19,A.,1,7010001008844,(株)日立製作所,被用者年金一元化システム開発,3724000000,随意契約,-
19,A.,1,7010001008844,(株)日立製作所,受給資格期間の短縮(年金機能強化法)に伴うシステム開発,217000000,平成25年度国庫債務負担行為,-
19,A.,1,7010001008844,(株)日立製作所,電子計算組織用装置等の導入撤去及び設置に関する契約,162000000,随意契約,-
19,A.,1,7010001008844,(株)日立製作所,年金給付システム機能改善(25年度対応)システム開発,143000000,平成25年度国庫債務負担行為,-
19,A.,1,7010001008844,(株)日立製作所,厚年法等改正法(3号不整合記録関連部分)開発,129046000,随意契約,-
19,A.,1,7010001008844,(株)日立製作所,返送郵便物管理方法改善システム開発(バーコード付与対応),39442000,平成25年度国庫債務負担行為,-
19,A.,2,7010401001556,アクセンチュア(株),汎用申請・届出等省内処理システムに係る更改・保守業務等,366000000,平成25年度国庫債務負担行為,-
19,A.,3,6010401024970,日立キャピタル(株),年金給付システム周辺サーバ公開に伴うハードウェア等賃貸借及び保守等並びに周辺サーバ3次更改分のサーバ設備等に係る際リース,198000000,平成25年度国庫債務負担行為,-
19,A.,4,,(株)セック,届書作成プログラム当の改修業務一式,15000000,5,73
19,B.,1,9010601021385,(株)ＮＴＴデータ,被用者年金一元化(定期便関係・記録整備)に係るソフト利用料,14000000,随意契約,-
19,B.,1,9010601021385,(株)ＮＴＴデータ,厚年法等改正法(第3号不整合記録関連対処部分)ソフト利用料,68000000,随意契約,-
19,B.,1,9010601021385,(株)ＮＴＴデータ,年金機能強化法(年金給付関係)の対応に伴うソフト利用料,78000000,随意契約,-
19,B.,1,9010601021385,(株)ＮＴＴデータ,配偶者暴力の国年保険料免除制度改善に伴うシステム開発利用料,7000000,随意契約,-
19,B.,1,9010601021385,(株)ＮＴＴデータ,ハンガリーとの社会保障協定発効に伴うシステム開発ソフト利用料,6000000,随意契約,-
19,B.,1,9010601021385,(株)ＮＴＴデータ,国民年金基金の加入年齢引上げに伴うシステム開発ソフト利用料,5000000,随意契約,-
19,B.,1,9010601021385,(株)ＮＴＴデータ,電子(媒体)申請の業務プロセスの見直しについてソフト利用料,39000000,随意契約,-
19,B.,1,9010601021385,(株)ＮＴＴデータ,前納拡充及び国年保険料口振お知らせ・口振額通知書統合等ソフト利用料,41000000,随意契約,-
19,B.,1,9010601021385,(株)ＮＴＴデータ,労働保険・法務省情報活用した未適用事業所把握適用適正化利用料,6000000,随意契約,-
19,B.,1,9010601021385,(株)ＮＴＴデータ,国年免除期間保険料改善及び付加保険料納付期間延長に伴うソフト利用料,6000000,随意契約,-
19,B.,1,9010601021385,(株)ＮＴＴデータ,23年度税制改正及び復興財源確保法に伴うシステム開発利用料,4000000,随意契約,-
19,B.,1,9010601021385,(株)ＮＴＴデータ,インサータプリンタ・漢字プリンタ更改についてソフト利用料,32000000,随意契約,-
19,B.,1,9010601021385,(株)ＮＴＴデータ,オンライン利用促進重点手続の件数把握に関するソフト利用料,38000000,随意契約,-
19,B.,1,9010601021385,(株)ＮＴＴデータ,資格記録補正処理及び関連帳票の改善のシステム開発ソフト利用料,88000000,随意契約,-
19,B.,1,9010601021385,(株)ＮＴＴデータ,国民年金業務の効率化についてのシステム開発ソフト利用料,9000000,随意契約,-
19,B.,1,9010601021385,(株)ＮＴＴデータ,外国人住民に関する住基制度の改正に伴うシステム開発利用料,10000000,随意契約,-
19,B.,1,9010601021385,(株)ＮＴＴデータ,成年後見人等の事務処理の改善についてのシステム開発利用料,10000000,随意契約,-
19,B.,1,9010601021385,(株)ＮＴＴデータ,被保険者であった者に対する裁定請求手続に係る情報等把握利用料,34000000,随意契約,-
19,B.,1,9010601021385,(株)ＮＴＴデータ,記録管理システムの機能強化についてのシステム開発ソフト利用料,14000000,随意契約,-
19,B.,1,9010601021385,(株)ＮＴＴデータ,国年第3号被保険者資格取得届等の電子媒体届書追加ソフト利用料,107000000,随意契約,-
19,B.,1,9010601021385,(株)ＮＴＴデータ,記録管理・基礎年金番号管理システム利用料(25年度国債分),16459000000,平成25年度国庫債務負担行為,-
19,B.,1,9010601021385,(株)ＮＴＴデータ,国年3号被保険者不整合記録お知らせ改善のシステム開発利用料,23000000,随意契約,-
19,B.,1,9010601021385,(株)ＮＴＴデータ,産休期間中の保険料免除・従前標準報酬月額の特例に伴うソフト利用料,148000000,随意契約,-
19,B.,1,9010601021385,(株)ＮＴＴデータ,被用者年金一元化に伴うシステム開発ソフト利用料,151000000,随意契約,-
19,B.,1,9010601021385,(株)ＮＴＴデータ,記録管理基礎年金番号管理システム利用料(26国債：電子申請継続利用),32000000,随意契約,-
19,B.,1,9010601021385,(株)ＮＴＴデータ,国年免除期間の保険料取扱い改善・免除等遡及期間見直しソフト利用料,198000000,随意契約,-
19,B.,1,9010601021385,(株)ＮＴＴデータ,国年付加保険料納付期間延長・各種送付物の直近氏名出力等ソフト利用料,34000000,随意契約,-
19,C.,1,7010001008844,(株)日立製作所,電子計算組織用装置の賃貸借およびプログラム・プロダクトの使用権許諾に関する契約,18379000000,随意契約,-
19,C.,2,2010001033475,(株)ＪＥＣＣ,電子計算機の賃貸借及びプログラム・プロダクトの使用権許諾に関する契約,5737000000,随意契約,-
20,A.,1,9010601021385,(株)ＮＴＴデータ,年金業務システム(経過管理・電子決裁、個人番号(1次)、基盤サブシステム)に係る設計・開発等業務,1476000000,2,86
20,A.,2,7010401001556,アクセンチュア(株),年金業務システム(統計・業務分析サブシステム)に係る設計・開発等業務,1092000000,1,50
20,A.,3,7010001088960,デロイトトーマツコンサルティング(合),システム構築の調達支援等業務,93000000,随意契約,-
21,B.,1,9010601021385,(株)ＮＴＴデータ,記録管理・基礎年金番号管理システム利用契約,10625000000,随意契約,-
21,B.,2,7010001008844,(株)日立製作所,被用者年金一元化に伴うシステム開発(詳細設計以降及び環境構築業務)一式,3290000000,随意契約,-
21,B.,3,9010601021385,(株)ＮＴＴデータ,日本年金機構端末設備運用管理サービス等業務一式,3045000000,随意契約,-
21,B.,4,2010801013387,ニッセイ情報テクノロジー(株),日本年金機構におけるシステム支援等業務一式,1972000000,随意契約,-
21,B.,5,7010001008844,(株)日立製作所,年金給付システム開発付帯作業業務委託(下半期)一式,1806000000,随意契約,-
21,B.,6,9010601021385,(株)ＮＴＴデータ,社会保険オンラインシステム端末設備ソフトウェア開発等業務(メインフレーム更改等対応)一式,1568000000,随意契約,-
21,B.,7,7010001008844,(株)日立製作所,年金給付システム開発付帯作業業務委託(上半期)一式,1556000000,随意契約,-
21,B.,8,6010401024970,日立キャピタル(株),公的年金給付総合情報連携システムサーバ設備等の賃貸借及び保守業務,1550000000,随意契約,-
21,B.,9,9010601021385,(株)ＮＴＴデータ,年金個人情報提供システムの機能追加(ねんきんネット対応),1082000000,随意契約,-
21,B.,9,9010601021385,(株)ＮＴＴデータ,社会保険オンラインシステム端末設備ソフトウェア保守業務一式,918000000,随意契約,-
22,A.,1,1020001071491,富士通(株),システムの運用(統合運用・監視)等,3932000000,-,-
22,A.,1,1020001071491,富士通(株),通信サービス利用料,38000000,1,96.05
22,A.,1,1020001071491,富士通(株),アプリケーションの開発等,5569000000,-,-
22,A.,1,1020001071491,富士通(株),機器賃貸借(サーバ・端末)等,19516000000,-,-
22,A.,1,1020001071491,富士通(株),機器の導入等,7264000000,-,-
22,A.,1,1020001071491,富士通(株),システムの保存(ソフトウェア・アプリケーション)等,1953000000,-,-
22,B.,1,7010401006126,沖電気工業(株),消耗品(トナー類)の購入,2725000000,2,95.82
22,C.,1,,統合ネットワーク分担金,通信回線の利用料等,1799000000,-,-
22,D.,1,7010401110076,ソフトバンクモバイルサービス(株),機器賃貸借(通信機器)等,707000000,随意契約,-
22,D.,1,7010401110076,ソフトバンクモバイルサービス(株),機器の導入等,1000000,随意契約,-
22,D.,1,7010401110076,ソフトバンクモバイルサービス(株),通信機器の移設作業,47000000,随意契約,-
22,E.,1,9011101031552,ＫＤＤＩ(株),通信回線の利用料等,168000000,3,69.34
22,E.,1,9011101031552,ＫＤＤＩ(株),サーバ等設置場所借料等,517000000,随意契約,-
22,E.,1,9011101031552,ＫＤＤＩ(株),機器の導入等,32000000,-,-
22,F.,1,6010001030403,(株)三菱総合研究所,工程管理(システム開発支援等),407000000,-,-
22,G.,1,7010401052137,東芝ソリューション(株),通信機器の増強,302000000,随意契約,-
22,H.,1,,東京労働局,消耗品(汎用用紙),47000000,-,-
22,H.,2,,北海道労働局,消耗品(汎用用紙)及び電源工事,35000000,-,-
22,H.,3,,大阪労働局,消耗品(汎用用紙)及び電源工事,19000000,-,-
22,H.,4,,愛知労働局,消耗品(汎用用紙)及び電源工事,18000000,-,-
22,H.,5,,福岡労働局,消耗品(汎用用紙)及び電源工事,18000000,-,-
22,H.,6,,神奈川労働局,消耗品(汎用用紙)及び電源工事,16000000,-,-
22,H.,7,,熊本労働局,消耗品(汎用用紙)及び電源工事,14000000,-,-
22,H.,8,,兵庫労働局,消耗品(汎用用紙),14000000,-,-
22,H.,9,,広島労働局,消耗品(汎用用紙)及び電源工事,13000000,-,-
22,H.,10,,静岡労働局,消耗品(汎用用紙)及び電源工事,11000000,-,-
22,I.,1,6010601032609,ＮＴＴデータ・カスタマサービス(株),機器賃貸借(通信機器・端末)の延長,41000000,随意契約,-
22,J.,1,1011701012208,(株)ハップ,求人申込書等の印刷等,14000000,-,-
22,J.,2,,白木メディア,求人申込書等の印刷等,9000000,3,87.29
22,K.,1,,(株)ベイカレント・コンサルティング,アプリケーション開発等に係る調査研究,17000000,随意契約,-
22,L.,1,7010001008844,(株)日立製作所,機器賃貸借(通信機器),12000000,随意契約,-
22,M.,1,8010001034947,三菱倉庫(株),電子記録媒体の保管・発送,5000000,2,91.34
22,N.,1,6010405003434,(独)国立印刷局,官報掲載料,5000000,随意契約,-
22,O.,1,4011401002621,サンテックサービス(株),求人申込書等の発送,4000000,-,-
22,P.,1,8010401078156,(株)富士通ラーニングメディア,外部システム研修,2000000,随意契約,-
22,Q.,1,7010001084893,(株)富士通マーケティング・オフィスサービス,消耗品(LTO等),2000000,随意契約,-
22,R.,1,,(株)ミクニ商会,消耗品(電子申請処理用ディスプレイ),1000000,随意契約,-
23,A.,1,,(株)日立製作所、日立キャピタル(株),KSKシステムの運用のための資料調査及び財産評価システム用サーバ等のレンタル料,653000000,1,-
23,A.,1,,(株)日立製作所、日立キャピタル(株),KSKシステムの運用のための認証システム用サーバ等のレンタル料(25年度国庫債務負担行為),130000000,1,-
23,A.,1,,(株)日立製作所、日立キャピタル(株),KSKシステムの運用のための個人・法人関連情報システム用サーバ等のレンタル料(24年度国庫債務負担行為),451000000,1,-
23,A.,1,,(株)日立製作所、日立キャピタル(株),KSKシステムの運用のためのサーバ等のレンタル料等(他5件)(内、22年度国庫債務負担行為1件、25年度国庫債務負担行為1件),212000000,-,-
23,A.,1,,(株)日立製作所、日立キャピタル(株),KSKシステムの運用のためのホスト機器のレンタル料,6757000000,1,-
23,A.,1,,(株)日立製作所、日立キャピタル(株),KSKシステムの運用のための個人・法人関連情報システム用サーバ等のレンタル料(25年度国庫債務負担行為),145000000,1,-
23,A.,2,6010001055730,(株)文祥堂,KSKシステムの運用のためのサーバ等用ソフトウェアのレンタル料,2524000000,1,-
23,A.,2,6010001055730,(株)文祥堂,KSKシステムの運用のためのサーバ等のレンタル料(22年度国庫債務負担行為),1293000000,1,-
23,A.,2,6010001055730,(株)文祥堂,KSKシステムの運用のためのサーバ等のレンタル料,499000000,1,-
23,A.,2,6010001055730,(株)文祥堂,KSKシステムの運用のためのサーバ等のレンタル料(22年度国庫債務負担行為),428000000,2,-
23,A.,2,6010001055730,(株)文祥堂,KSKシステムの運用のためのサーバ等のレンタル料等(28件)(内、22年度国庫債務負担行為6件、23年度国庫債務負担行為4件、24年度国庫債務負担行為2件、25年度国庫債務負担行為2件),1764000000,-,-
23,A.,2,6010001055730,(株)文祥堂,KSKシステムの運用のためのホスト機器のレンタル料,1701000000,随意契約,-
23,A.,3,7010401022916,日本電気(株),KSKシステムの運用のためのホスト機器のレンタル料,6059000000,1,-
23,A.,3,7010401022916,日本電気(株),KSKシステムの運用のためのホスト機器のレンタル料,8000000,1,-
23,A.,4,9021001026338,(株)シーイーシー,KSKシステムの運用のための徴収システムサーバ等用ソフトウェアのレンタル料,257000000,随意契約,-
23,A.,5,,(株)富士通エフサス、東京センチュリーリース(株),KSKシステムの運用のためのスキャナのレンタル料,1000000,随意契約,-
23,A.,5,,(株)富士通エフサス、東京センチュリーリース(株),KSKシステムの運用のためのネットワーク機器等のレンタル料(22年度国庫債務負担行為),243000000,2,-
23,A.,6,7010001008844,(株)日立製作所,KSKシステムの運用のための少額投資非課税口座管理システム用サーバ等のレンタル料(24年度国庫債務負担行為),197000000,1,-
23,A.,7,,ミツイワ(株)、三菱ＵＦＪリース(株),KSKシステムの運用のための徴収システム用サーバ等のレンタル料,131000000,2,-
23,A.,8,9010401052465,ソフトバンク(株),KSKシステムの運用のためのネットワーク機器等のレンタル料(22年度国庫債務負担行為),83000000,3,-
23,A.,9,5290801002046,(株)ゼンリン,KSKシステムの運用のための財産評価システムサーバ等用ソフトウェアのレンタル料(25年度国庫債務負担行為),29000000,1,-
23,A.,9,5290801002046,(株)ゼンリン,KSKシステムの運用のための財産評価システムサーバ等用ソフトウェアのレンタル料,21000000,随意契約,-
23,A.,10,,キャノンＩＴソリューションズ(株)、芙蓉総合リース(株),KSKシステムの運用のための非課税貯蓄限度額管理、税理士、審理室、鑑定、税理士試験システム用サーバ等のレンタル料,23000000,2,-
23,B.,1,6010001055730,(株)文祥堂,KSKシステムの機器更改に伴う一時費用,389000000,1,-
23,B.,1,6010001055730,(株)文祥堂,KSKシステムの運用支援,1046000000,1,-
23,B.,1,6010001055730,(株)文祥堂,KSKシステムの機器更改に伴う一時費用,279000000,随意契約,-
23,B.,1,6010001055730,(株)文祥堂,KSKシステムのシステム開発及び改修等(24件),334000000,-,-
23,B.,1,6010001055730,(株)文祥堂,KSKシステムの運用支援(25年度国庫債務負担行為),296000000,1,-
23,B.,1,6010001055730,(株)文祥堂,KSKシステムのシステム開発及び改修,241000000,1,-
23,B.,2,,(株)文祥堂、キャノンマーケティングジャパン(株)、東芝ソリューション(株)、日本アイ・ビー・エム(株)、日本電気(株)、(株)日立製作所,KSKシステムのシステム開発及び改修,912000000,1,-
23,B.,3,7010001008844,(株)日立製作所,ホストコンピュータ等研修受講費用,1000000,7,-
23,B.,3,7010001008844,(株)日立製作所,KSKシステムのデータ変換費用(25年度国庫債務負担行為),10000000,1,-
23,B.,3,7010001008844,(株)日立製作所,KSKシステムの機器更改に伴う一時費用,10000000,随意契約,-
23,B.,3,7010001008844,(株)日立製作所,KSKシステムのシステム開発及び改修,284000000,随意契約,-
23,B.,3,7010001008844,(株)日立製作所,ホストコンピュータ等研修受講費用,2000000,7,-
23,B.,3,7010001008844,(株)日立製作所,ホストコンピュータ等研修受講費用等(16件),3000000,-,-
23,B.,4,,キャノンＩＴソリューションズ(株)、芙蓉総合リース(株),KSKシステムの機器更改に伴う一時費用,238000000,1,-
23,B.,5,1011101009465,情報技術開発(株),KSKシステム機器のオペレータ,74000000,3,-
23,B.,5,1011101009465,情報技術開発(株),KSKシステム機器のオペレータ(25年度国庫債務負担行為),24000000,3,-
23,B.,5,1011101009465,情報技術開発(株),KSKシステムの運用支援,51000000,1,-
23,B.,5,1011101009465,情報技術開発(株),KSKシステムの運用支援(25年度国庫債務負担行為),17000000,2,-
23,B.,5,1011101009465,情報技術開発(株),KSKシステム機器のオペレータ(25年度国庫債務負担行為),15000000,3,-
23,B.,6,4010001054032,(株)野村総合研究所,KSKシステムに係るアドバイザー(工程管理),162000000,1,-
23,B.,7,7010001049087,大成有楽不動産(株),事務管理センターの施設管理・運営業務,138000000,4,-
23,B.,8,2010601032678,(株)ＮＴＴデータＳＭＳ,KSKシステム機器のオペレータ(25年度国庫債務負担行為),33000000,3,-
23,B.,8,2010601032678,(株)ＮＴＴデータＳＭＳ,KSKシステム機器のオペレータ,101000000,3,-
23,B.,9,7010401022973,日本電算企画(株),KSKシステム機器のオペレータ,67000000,3,-
23,B.,9,7010401022973,日本電算企画(株),KSKシステム機器のオペレータ(25年度国庫債務負担行為),22000000,3,-
23,B.,9,7010401022973,日本電算企画(株),KSKシステム機器のオペレータ,43000000,3,-
23,B.,10,2010401092245,日本マイクロソフト(株),KSKシステムに係るアドバイザー(調達支援),127000000,1,-
23,C.,1,,(株)中電工東京本部,事務管理センターで使用する無停電電源装置の購入,329000000,7,-
23,C.,2,,三菱プラントエンジニアリング(株),バックアップセンターで使用する蓄電池の購入,54000000,7,-
23,C.,3,6050001023774,(株)日立産業制御ソリューションズ,国税局マシン室入退室管理システムの購入,4000000,1,-
23,C.,4,,(株)アイ・イーグループ,バックアップセンター監視カメラの購入,3000000,7,-
23,C.,5,,(株)四国日立システムズ,国税局マシン室入退室管理システムの購入,3000000,2,-
23,C.,6,,アマノ(株),国税局マシン室入退室管理システムの購入,1000000,4,-
23,C.,7,6010001055730,(株)文祥堂,事務管理センターで使用するディスプレイの購入,1000000,3,-
23,C.,8,9010401032062,ローレルバンクマシン(株),国税局マシン室監視カメラの購入,900000,随意契約,-
23,C.,9,,(株)エディオン,国税局マシン室で使用するディスプレイの購入,300000,随意契約,-
23,D.,1,1010001008825,東京電力ホールディングス(株),KSKシステムの運用のための電気料,240000000,随意契約,-
23,D.,2,,地方公共団体,KSKシステムの運用のための水道料,2000000,随意契約,-
23,D.,3,3030001056382,大東ガス(株),KSKシステムの運用のためのガス料,100000,随意契約,-
23,D.,4,5120101041728,冨尾石油(株),KSKシステムの運用のための燃料費,0,随意契約,-
23,D.,5,,有田産業(株),KSKシステムの運用のための燃料費,0,随意契約,-
24,B.,1,7010401052137,東芝ソリューション(株),登記情報システムの運用のための機器に係る役務の委託,30000000,随意契約,-
24,B.,2,8010401056384,(株)富士通エフサス,登記情報保全センター改修に係る役務の委託,14000000,1,91.6
24,B.,3,6020001077096,富士古河Ｅ＆Ｃ(株),登記情報システム用無停電電源装置老朽部品交換作業等の役務の委託,14000000,2,89.3
24,B.,4,8010401005011,ＮＴＴファイナンス(株),登記情報システム用プリンタに係る賃貸借,14000000,随意契約,-
24,B.,5,3010401026805,富士ゼロックス(株),登記情報システム用プリンタに係る賃貸借,10000000,随意契約,-
24,B.,6,7010601037788,リコーリース(株),登記情報システム用プリンタに係る賃貸借,8000000,随意契約,-
24,B.,7,2010001033475,(株)ＪＥＣＣ,登記情報システム用スキャナ等に係る機器の賃貸借,6000000,随意契約,-
24,B.,8,,近畿ビルサービス(株),警備業務に係る役務の委託,4000000,1,99.1
24,B.,9,1010001110829,リコージャパン(株),登記情報システム用プリンタに係る役務の委託,4000000,随意契約,-
24,B.,10,4010701026198,ＩＢＪＬ東芝リース(株),登記情報システム用自家発電装置に係る賃貸借,3000000,随意契約,-
24,C.,1,2010001033475,(株)ＪＥＣＣ,登記情報システム用機器賃貸借等,11628000000,1,99.5
24,C.,2,1020001071491,富士通(株),登記情報システムに係る運用支援業務等,5316000000,1,99.2
24,C.,3,7010001064648,ＮＴＴコミュニケーションズ(株),新登記情報システム通信サービス等,1942000000,随意契約,-
24,C.,4,9011101031552,ＫＤＤＩ(株),登記情報ネットワークに係る通信サービス等,495000000,2,75.8
24,C.,5,7010601037788,リコーリース(株),登記情報システム事務処理用印刷装置等に係る賃貸借,151000000,随意契約,-
24,C.,6,7010401001556,アクセンチュア(株),登記情報システム等に係る統合管理等業務,128000000,随意契約,-
24,C.,7,6020001077096,富士古河Ｅ＆Ｃ(株),登記情報センターのフリーアクセスフロア敷設及び空調設備等の設置業務,52000000,1,94.6
24,C.,8,8010001085296,アビームコンサルティング(株),登記情報システムの更改に向けた調査・分析等業務,41000000,1,97.6
24,C.,9,8010401005011,ＮＴＴファイナンス(株),登記情報システム事務処理用印刷装置に係る賃貸借,23000000,随意契約,-
24,C.,10,,能美防災(株),登記情報センターハロゲン化物消火設備点検等の役務の委託,1000000,随意契約,-
25,A.,1,9010601021385,(株)ＮＴＴデータ,特許庁システムインテグレーションサービス,4471000000,1,-
26,A.,1,8010001073697,(株)アイテックス,プリンタ用トナーカートリッジ一式,149000000,3,-
26,A.,2,2010001027865,福井紙業(株),高速プリンタ用A4カット紙、A4色上質紙,22000000,3,-
26,A.,3,,文祥堂商事(株),LTO媒体,5000000,4,-
26,A.,4,1140001050558,(株)日興商会,漢字プリンタ用紙,1000000,随意契約,-
26,A.,5,2120001077131,カワセコンピュータサプライ(株),汎用圧着ハガキ用プリンタ用紙,1000000,随意契約,-
26,A.,6,6010405003434,(独)国立印刷局,申請人識別ラベル用紙,1000000,随意契約,-
26,A.,7,8010001024865,(株)謄栄社,領収ハガキ、優先権証明書用プリンタ用紙,1000000,随意契約,-
26,A.,8,,昌栄印刷(株),非接触型ICカード,1000000,随意契約,-
26,A.,9,1011101044768,(株)フォーサイト,MicrosoftVisio2013Professional,1000000,随意契約,-
26,A.,10,,(株)白橋,年金領収書用プリンタ用紙,1000000,随意契約,-
26,B.,1,7010401110076,ソフトバンクモバイルサービス(株),広域イーサネットサービス料、三極特許庁ネットワーク用接続サービス料,15000000,随意契約,-
26,B.,2,9011101031552,ＫＤＤＩ(株),広域イーサネットサービス料、日本DNAデータバンク接続用専用回線使用料,9000000,随意契約,-
26,C.,1,9010601021385,(株)ＮＴＴデータ,業務用PC、情報ネットワークシステム用サーバ一式等の賃貸借,7679000000,2,-
26,C.,2,2010001033475,(株)ＪＥＣＣ,Fターム検索サーバ、審判・登録サーバ一式等の賃貸借,1409000000,1,-
26,C.,3,6010401024970,日立キャピタル(株),PCT受理官庁サーバ、XML公報サーバ一式等の賃貸借,955000000,1,-
26,C.,4,4010701026198,ＩＢＪＬ東芝リース(株),特実意匠文献サーバ、ワンポータルドシエサーバ一式等の賃貸借,845000000,1,-
26,C.,5,6010401015821,東京センチュリー(株),全文検索サーバ、意匠検索サーバ一式等の賃貸借,408000000,3,-
26,C.,6,8010401021784,ＮＥＣキャピタルソリューション(株),ネットワーク機器等一式の賃貸借,202000000,2,-
26,C.,7,7010401022916,日本電気(株),経済産業省基盤情報システムサービス,94000000,2,-
26,C.,8,2011101056358,(株)ＮＴＴデータ・アイ,優先権証明書等データ交換用サーバ一式の賃貸借,52000000,2,-
26,C.,9,,(株)ビ－エスピ－,A－AUTOシステム一式の賃貸借,3000000,随意契約,-
26,C.,10,,東レエンジニアリング電子機器サービス(株),電子プリンタ・システム装置の賃貸借,2000000,随意契約,-
26,D.,1,,臨時事務補助職員等,特許庁システム関連事務の補助業務,33000000,－,-
26,E.,1,9010601021385,(株)ＮＴＴデータ,記録原本管理システム、窓口系受付システム等の改造,3163000000,随意契約,-
26,E.,2,7010001008844,(株)日立製作所,特実検索システムFターム検索機能、登録事務システム等の改造,1733000000,随意契約,-
26,E.,3,7010401052137,東芝ソリューション(株),特実検索システム文献照会機能、意匠検索システム文献照会機能等の改造,733000000,随意契約,-
26,E.,4,2011101056358,(株)ＮＴＴデータ・アイ,特許庁システムオペレーションサービス等,595000000,1,-
26,E.,5,1020001071491,富士通(株),意匠検索システム検索機能、特実検索システム全文検索機能等の改造,203000000,随意契約,-
26,E.,6,8010001085296,アビームコンサルティング(株),特許庁システムに係る運用管理サービスに関する妥当性検証業務等,121000000,3,-
26,E.,7,9010001045803,新日鉄住金ソリューションズ(株),新規導入予定のハードウェアに関する調達仕様書等作成支援業務等,74000000,2,-
26,E.,8,,(株)アトリス,特許庁情報システム刷新のための周辺業務に係る労働派遣,73000000,1,-
26,E.,9,,(株)ＣＩＪネクスト,特許庁システムの設計・開発等に係るプロジェクト管理支援業務に係る労働派遣,39000000,1,-
26,E.,10,4010401065760,(株)ワンビシアーカイブズ,電子計算機記録データの保管及び搬出・搬入,33000000,1,-
27,A.,1,7010401022916,日本電気(株),個人情報識別システムの心臓部をなすサーバ群等の機器に係る賃貸借料(2414)※支出先との契約が複数あるので，括弧内に個別契約中の契約金額が最も大きいものについて記載し，その契約の入札者数及び落札率を記載している。,4387000000,1,99.6
27,A.,2,8010401021784,ＮＥＣキャピタルソリューション(株),審査端末機器等に係る賃貸借料(120)※支出先との契約が複数あるので，括弧内に個別契約中の契約金額が最も大きいものについて記載している。,370000000,随意契約,-
27,A.,3,7010001008844,(株)日立製作所,アプリケーションプログラム改修作業等(93)※支出先との契約が複数あるので，括弧内に個別契約中の契約金額が最も大きいものについて記載し，その契約の入札者数及び落札率を記載している。,209000000,1,99.8
27,A.,4,,三井住友トラスト・パナソニックファイナンス(株),旅券自動読取装置購入(47)※支出先との契約が複数あるので，括弧内に個別契約中の契約金額が最も大きいものについて記載し，その契約の入札者数及び落札率を記載している。,124000000,1,93.1
27,A.,5,6010401015821,東京センチュリー(株),個人識別情報システムのバイオメトリクス情報の保存等を行うオープンサーバ機器に係る賃貸借料,79000000,随意契約,-
27,A.,6,8010005017519,パナソニックシステムソリューションズジャパン(労組),アプリケーションプログラム改修作業等(36)※支出先との契約が複数あるので，括弧内に個別契約中の契約金額が最も大きいものについて記載し，その契約の入札者数及び落札率を記載している。,41000000,1,100
27,A.,7,7010401006126,沖電気工業(株),自動化ゲートに係る撤去作業(17)※支出先との契約が複数あるので，括弧内に個別契約中の契約金額が最も大きいものについて記載し，その契約の入札者数及び落札率を記載している。,41000000,1,97.3
27,A.,8,6010701025710,(株)日立システムズ,消耗品費,37000000,随意契約,-
27,A.,9,2010001033475,(株)ＪＥＣＣ,自動化ゲートシステム装置賃貸料(19)※支出先との契約が複数あるので，括弧内に個別契約中の契約金額が最も大きいものについて記載している。,28000000,随意契約,-
27,A.,10,,芙蓉総合リース(株),自動化ゲートシステム装置賃貸料,6000000,随意契約,-
28,A.,1,7010001008844,(株)日立製作所,事前旅客情報システムに係る機器更新に伴うアプリケーション改修等作業(195)※支出先との契約が複数あるので，括弧内に個別契約中の契約金額が最も大きいものについて記載し，その契約の入札者数及び落札率を記載している。,889000000,1,99.8
28,A.,2,8010005017519,パナソニックシステムソリューションズジャパン(労組),ICカード等消耗品購入(422)※支出先との契約が複数あるので，括弧内に個別契約中の契約金額が最も大きいものについて記載している。,597000000,随意契約,-
28,A.,3,2010001033475,(株)ＪＥＣＣ,日本人審査システム用出国審査端末機器等賃貸借料(305)※支出先との契約が複数あるので，括弧内に個別契約中の契約金額が最も大きいものについて記載している。,596000000,随意契約,-
28,A.,4,6010401024970,日立キャピタル(株),在留カード発行システム等賃貸借料(420)※支出先との契約が複数あるので，括弧内に個別契約中の契約金額が最も大きいものについて記載し，その契約の入札者数及び落札率を記載している。,594000000,1,87.3
28,A.,5,7010001064648,ＮＴＴコミュニケーションズ(株),イーサネットワーク回線使用料等(462)※支出先との契約が複数あるので，括弧内に個別契約中の契約金額が最も大きいものについて記載している。,484000000,随意契約,-
28,A.,6,,三井住友トラスト・パナソニックファイナンス(株),ICカードプリンタ等賃貸借料(106)※支出先との契約が複数あるので，括弧内に個別契約中の契約金額が最も大きいものについて記載している。,183000000,随意契約,-
28,A.,7,7010401022916,日本電気(株),乗員上陸許可支援システム運用支援業務(29)※支出先との契約が複数あるので，括弧内に個別契約中の契約金額が最も大きいものについて記載し，その契約の入札者数及び落札率を記載している。,39000000,1,99.7
28,A.,8,6010701025710,(株)日立システムズ,電子届出システムのヘルプデスク業務(23)※支出先との契約が複数あるので，括弧内に個別契約中の契約金額が最も大きいものについて記載し，その契約の入札者数及び落札率を記載している。,32000000,1,98.9
28,A.,9,8010401021784,ＮＥＣキャピタルソリューション(株),乗員上陸許可支援システム等賃貸借料(20)※支出先との契約が複数あるので，括弧内に個別契約中の契約金額が最も大きいものについて記載し，その契約の入札者数及び落札率を記載している。,26000000,1,97.6
28,A.,10,7010401052137,東芝ソリューション(株),システム賃貸借料,12000000,1,98.9
28,C.,1,8011001104582,(株)もしもしホットライン,外国人出入国情報システム等データ入力委託(208)※支出先との契約が複数あるので，括弧内に個別契約中の契約金額が最も大きいものについて記載し，その契約の入札者数及び落札率を記載している。,235000000,4,87
28,C.,2,8010401001563,アデコ(株),外国人出入国情報システム等データ入力委託,54000000,2,96
28,C.,3,7010401006126,沖電気工業(株),システム関連LAN工事(11)※支出先との契約が複数あるので，括弧内に個別契約中の契約金額が最も大きいものについて記載している。,20000000,随意契約,-
28,C.,4,,(株)総合人材センター,外国人出入国情報システム等データ入力委託,13000000,随意契約,-
28,C.,5,5200001001939,(株)コームラ,タイトルシート作成委託,12000000,2,89
28,C.,6,1500001000617,(株)ウイン,外国人出入国情報システム等データ入力委託,9000000,3,69.3
28,C.,7,6370001021309,(株)東武,外国人出入国情報システム等データ入力委託,6000000,5,63.1
28,C.,8,,(株)キャリアステーション,外国人出入国情報システム等データ入力委託,5000000,1,97.8
28,C.,9,,キャリアバンク(株),外国人出入国情報システム等データ入力委託,2000000,2,58.2
28,C.,10,,共生印刷(株),タイトルシート作成委託,1000000,随意契約,-
29,A.,1,6010401024970,日立キャピタル(株),外国人出入国情報システムセンタ機器賃貸借料,2094000000,1,99.6
29,A.,2,7010001008844,(株)日立製作所,外国人出入国情報システムに係る運用支援(554)※支出先との契約が複数あるので，括弧内に個別契約中の契約金額が最も大きいものについて記載し，その契約の入札者数及び落札率を記載している。,605000000,1,99.9
29,A.,3,2010001033475,(株)ＪＥＣＣ,外国人出入国情報システム用審査端末機器等借料(458)※支出先との契約が複数あるので，括弧内に個別契約中の契約金額が最も大きいものについて記載し，その契約の入札者数及び落札率を記載している。,481000000,1,87.3
30,A.,1,9010601021385,(株)ＮＴＴデータ,e-Taxの運用のためのソフトウェア(本番・検証環境)のレンタル料(22年度国庫債務負担行為),348000000,1,-
30,A.,1,9010601021385,(株)ＮＴＴデータ,e-Taxの運用のためのセンターサーバ(本番・検証環境)のレンタル料(22年度国庫債務負担行為),2374000000,1,-
30,A.,1,9010601021385,(株)ＮＴＴデータ,e-Taxの運用のための次期更新用ソフトウェア(試験・検証環境)のレンタル料,11000000,1,-
30,A.,1,9010601021385,(株)ＮＴＴデータ,e-Taxの運用のための税務署サーバ(本番・検証環境)のレンタル料(22年度国庫債務負担行為),73000000,1,-
30,A.,1,9010601021385,(株)ＮＴＴデータ,e-Taxの運用のためのセンターサーバ(開発・試験環境)のレンタル料,248000000,1,-
30,A.,2,,(株)富士通エフサス、東京センチュリーリース(株),e-Taxの運用のためのネットワーク機器(本番・検証環境)のレンタル料(22年度国庫債務負担行為),160000000,2,-
30,A.,2,,(株)富士通エフサス、東京センチュリーリース(株),e-Taxの運用のための通信機器のレンタル料(23年度国庫債務負担行為),2000000,1,-
30,A.,3,,ＫＤＤＩ(株)、ＮＴＴファイナンス(株),確定申告会場で使用する作成コーナーパソコンのレンタル料(25年度国庫債務負担行為),24000000,2,-
30,A.,4,,東芝情報機器(株)、ＮＴＴファイナンス(株),確定申告会場で使用する作成コーナーパソコンのレンタル料(22年度国庫債務負担行為),19000000,2,-
30,A.,5,1010601027646,富士ソフトサービスビューロ(株),e-Tax利用者のための庁ヘルプデスクの施設借料(現行)(23年度国庫債務負担行為),13000000,5,-
30,A.,6,6010401015821,東京センチュリー(株),e-Taxの運用のための再編成・統合用(開発・試験環境)ネットワーク機器のレンタル料,10000000,1,-
30,A.,7,,(株)ラック、オリックス(株),e-Taxの運用のための不正アクセス検知機器のレンタル料(23年度国庫債務負担行為),10000000,3,-
30,A.,8,7010001064648,ＮＴＴコミュニケーションズ(株),確定申告会場のインターネット環境用サーバのレンタル料(23年度国庫債務負担行為),5000000,4,-
30,A.,9,6010001055730,(株)文祥堂,確定申告会場で使用する作成コーナープリンタのレンタル料,3000000,随意契約,-
30,A.,10,,広友リース(株),納税者向けe-Tax研修会・説明会で使用するパソコン等のレンタル料,3000000,4,-
30,B.,1,9010601021385,(株)ＮＴＴデータ,e-Taxのシステム開発費(最適化長期計画に係る開発),137000000,1,-
30,B.,1,9010601021385,(株)ＮＴＴデータ,e-Taxのシステム開発費,1414000000,随意契約,-
30,B.,1,9010601021385,(株)ＮＴＴデータ,e-Taxのシステム運用支援要員の人件費(25年度国庫債務負担行為),215000000,1,-
30,B.,1,9010601021385,(株)ＮＴＴデータ,e-Taxのシステム開発費(最適化長期計画に係る開発)(25年度国庫債務負担行為),191000000,1,-
30,B.,1,9010601021385,(株)ＮＴＴデータ,e-Taxのシステム運用支援要員の人件費,666000000,1,-
30,B.,2,1010601027646,富士ソフトサービスビューロ(株),e-Tax利用者のための庁ヘルプデスクのオペレータ(現行)(23年度国庫債務負担行為),499000000,5,-
30,B.,3,9011101031552,ＫＤＤＩ(株),確定申告会場で使用する作成コーナーパソコンの初期設定業務,105000000,2,-
30,B.,3,9011101031552,ＫＤＤＩ(株),e-Taxのシステム検証用スマートデバイスの設定業務,100000,随意契約,-
30,B.,3,9011101031552,ＫＤＤＩ(株),確定申告会場で使用する作成コーナーパソコンの設定業務,39000000,2,-
30,B.,4,2010601032678,(株)ＮＴＴデータＳＭＳ,e-Taxセンター機器のオペレータの人件費,80000000,3,-
30,B.,4,2010601032678,(株)ＮＴＴデータＳＭＳ,e-Taxセンター機器のオペレータの人件費(25年度国庫債務負担行為),26000000,3,-
30,B.,5,7010001064648,ＮＴＴコミュニケーションズ(株),確定申告会場のインターネット環境用サーバの運用支援要因の人件費(23年度国庫債務負担行為),53000000,4,-
30,B.,6,7120001077523,西日本電信電話(株),確定申告会場等のLAN配線の敷設、パソコンの設定業務,12000000,2,-
30,B.,6,7120001077523,西日本電信電話(株),確定申告会場等のLAN配線の敷設、パソコンの設定業務,33000000,2,-
30,B.,7,,東芝情報機器(株)九州支店,確定申告会場等のLAN配線の敷設、パソコンの設定業務,10000000,2,-
30,B.,8,,東芝情報機器(株)中国支店,確定申告会場で使用する作成コーナーパソコンの設定業務,8000000,3,-
30,B.,9,,東芝情報機器(株),確定申告会場で使用する作成コーナーパソコンの設定業務,6000000,2,-
30,B.,9,,東芝情報機器(株),確定申告会場等のLAN配線の敷設等業務,7000000,3,-
30,B.,9,,東芝情報機器(株),確定申告会場等のLAN配線の敷設等業務,8000000,1,-
30,B.,10,,東芝情報機器(株)東北支店,確定申告会場で使用する作成コーナーパソコンの設定業務(他3件),1000000,-,-
30,B.,11,1010401063569,広友イノテックス(株),確定申告会場で使用する作成コーナーパソコンの設定業務,1000000,随意契約,-
30,B.,11,1010401063569,広友イノテックス(株),確定申告会場等のLAN配線の敷設、パソコンの設定業務,2000000,3,-
30,B.,11,1010401063569,広友イノテックス(株),確定申告会場等のLAN配線の敷設等業務,1000000,6,-
30,B.,11,1010401063569,広友イノテックス(株),確定申告会場で使用する作成コーナーパソコン及びモバイル通信端末のレンタル料,1000000,4,-
30,B.,11,1010401063569,広友イノテックス(株),確定申告会場で使用する作成コーナーパソコンの設定業務(他6件),8000000,-,-
30,B.,11,1010401063569,広友イノテックス(株),確定申告会場等のLAN配線の敷設、パソコンの設定業務,1000000,3,-
30,B.,12,2010401092245,日本マイクロソフト(株),e-Taxのシステム運用に係る工程管理支援業務,40000000,1,-
30,B.,13,7010401022973,日本電算企画(株),e-Taxセンター機器のオペレータの人件費,34000000,2,-
30,C.,1,,(株)高速,納税者に送付するe-Taxによる確定申告のお知らせはがきの刷成,33000000,9,-
30,C.,1,,(株)高速,納税者に送付するe-Taxによる確定申告のお知らせはがきの刷成,10000000,6,-
30,C.,2,,新生紙バルブ商事(株),e-Taxの利用促進のためのリーフレットの印刷用紙,4000000,4,-
30,C.,2,,新生紙バルブ商事(株),確定申告会場で配付するe-Tax操作マニュアルの印刷用紙,35000000,5,-
30,C.,3,,東洋紙業(株),納税者に送付するe-Taxによる確定申告のお知らせはがきの刷成,33000000,7,-
30,C.,4,,(株)ビーエフ,納税者に送付するe-Taxによる確定申告のお知らせはがきの刷成,32000000,8,-
30,C.,5,5180001091941,(株)ネッツ,確定申告会場で配付するe-Tax操作マニュアルの刷成,11000000,3,-
30,C.,6,,(株)イセトー,納税者に送付するe-Taxによる確定申告のお知らせはがきの刷成,10000000,7,-
30,C.,7,2120001077131,カワセコンピュータサプライ(株),納税者に送付するe-Taxによる確定申告のお知らせはがきの刷成,8000000,5,-
30,C.,8,,岩岡印刷工業(株),e-Taxの利用促進のためのリーフレットの刷成,2000000,6,-
30,C.,8,,岩岡印刷工業(株),e-Taxの利用促進のためのリーフレットの刷成,3000000,6,-
30,C.,9,5010001067883,(株)アイネット,e-Taxの利用促進のためのリーフレットの刷成,5000000,5,-
30,C.,10,,(株)イーパワー,e-Taxの利用促進のためのリーフレットの刷成,2000000,3,-
30,D.,1,7010001064648,ＮＴＴコミュニケーションズ(株),確定申告書会場のインターネット回線使用料(他3件),70000,-,-
30,D.,1,7010001064648,ＮＴＴコミュニケーションズ(株),マルチペイメントネットワーク回線使用料,4000000,随意契約,-
30,D.,1,7010001064648,ＮＴＴコミュニケーションズ(株),庁ヘルプデスクのナビダイヤル通話料,38000000,随意契約,-
30,D.,1,7010001064648,ＮＴＴコミュニケーションズ(株),マルチペイメントネットワーク回線(試験用)使用料,3000000,随意契約,-
30,D.,1,7010001064648,ＮＴＴコミュニケーションズ(株),確定申告書会場のインターネット回線プロバイダ料,100000,随意契約,-
30,D.,2,9011101031552,ＫＤＤＩ(株),e-Taxのインターネット回線(試験用)使用料(23年度国庫債務負担行為),2000000,1,-
30,D.,2,9011101031552,ＫＤＤＩ(株),マルチペイメントネットワーク回線(試験用)使用料,2000000,随意契約,-
30,D.,2,9011101031552,ＫＤＤＩ(株),マルチペイメントネットワーク回線使用料,3000000,随意契約,-
30,D.,2,9011101031552,ＫＤＤＩ(株),e-Taxのインターネット本番回線使用料,14000000,2,-
30,D.,3,8011101028104,東日本電信電話(株),確定申告書会場のインターネット回線使用料,700000,随意契約,-
30,D.,3,8011101028104,東日本電信電話(株),確定申告書会場のインターネット回線使用料(他6件),800000,-,-
30,D.,3,8011101028104,東日本電信電話(株),確定申告書会場のインターネット回線使用料,400000,随意契約,-
30,D.,3,8011101028104,東日本電信電話(株),庁ヘルプデスクのナビダイヤル回線使用料,7000000,随意契約,-
30,D.,3,8011101028104,東日本電信電話(株),確定申告会場のインターネット回線導入費,8000000,随意契約,-
30,D.,4,1010001067912,(株)ＮＴＴドコモ,確定申告会場で使用するモバイル通信端末の通信料,12000000,2,-
30,D.,5,,(株)ＮＴＴドコモ九州支社,確定申告書会場のインターネット回線使用料,3000000,随意契約,-
30,D.,6,1010001067912,(株)ＮＴＴドコモ,確定申告会場で使用するモバイル通信端末の通信料,200000,随意契約,-
30,D.,6,1010001067912,(株)ＮＴＴドコモ,確定申告書会場のインターネット回線使用料,1000000,随意契約,-
30,D.,7,,(株)ＮＴＴドコモ北陸支社,納税者のe-Tax研修会用モバイル通信端末の通信料(他2件),400000,-,-
30,D.,8,2240001008454,日海通信工業(株),確定申告会場のインターネット回線導入費,13000000,随意契約,-
30,D.,9,7010401110076,ソフトバンクモバイルサービス(株),e-Taxダウンロード用回線プロバイダ料,300000,随意契約,-
30,D.,9,7010401110076,ソフトバンクモバイルサービス(株),納税者のe-Tax研修会用モバイル通信端末の通信料,10000,随意契約,-
30,D.,9,7010401110076,ソフトバンクモバイルサービス(株),納税者のe-Tax研修会用モバイル通信端末の通信料,10000,随意契約,-
30,D.,9,7010401110076,ソフトバンクモバイルサービス(株),e-Taxホームページ更新用の回線プロバイダ料,100000,随意契約,-
30,D.,9,7010401110076,ソフトバンクモバイルサービス(株),納税者のe-Tax研修会用モバイル通信端末の通信料,60000,随意契約,-
30,D.,9,7010401110076,ソフトバンクモバイルサービス(株),e-Taxのインターネット本番回線使用料(24年度国庫債務負担行為),13000000,2,-
30,D.,10,5010001006767,(株)富士通マーケティング,確定申告書会場のインターネット回線使用料,4000000,2,-
30,D.,11,8010401056384,(株)富士通エフサス,マルチペイメントネットワーク回線用ルータ導入費,1000000,随意契約,-
30,D.,12,,ワイモバイル(株),確定申告会場で使用するモバイル通信端末の通信料,1000000,随意契約,-
30,D.,13,9013301016102,(株)ＮＴＴぷらら,確定申告会場で使用するモバイル通信端末の通信料,500000,随意契約,-
30,D.,14,6010001055730,(株)文祥堂,確定申告会場で使用する作成コーナープリンタ及び付属機器の購入,45000000,2,-
30,D.,15,6011101030094,(株)イワナシ,確定申告会場で使用するスイッチングハブの購入,4000000,4,-
30,D.,16,9010001087242,富士電機ＩＴソリューション(株),確定申告会場で使用するスイッチングハブの購入,1000000,5,-
30,D.,17,6010601032609,ＮＴＴデータ・カスタマサービス(株),e-Taxのシステム運用のための検証用パソコンの購入,1000000,随意契約,-
30,E.,1,6010001055730,(株)文祥堂,確定申告会場で使用する作成コーナープリンタ及び付属機器の購入,45000000,2,-
30,E.,2,6011101030094,(株)イワナシ,確定申告会場で使用するスイッチングハブの購入,4000000,4,-
30,E.,3,9010001087242,富士電機ＩＴソリューション(株),確定申告会場で使用するスイッチングハブの購入,1000000,5,-
30,E.,4,6010601032609,ＮＴＴデータ・カスタマサービス(株),e-Taxのシステム運用のための検証用パソコンの購入,1000000,随意契約,-
31,A.,1,9010601021385,(株)ＮＴＴデータ,制度改正等アプリケーション改修業務,710000000,1,96.2
31,A.,1,9010601021385,(株)ＮＴＴデータ,ハードウェア・ソフトウェア等導入及び保守業務,719000000,2,94.5
31,A.,1,9010601021385,(株)ＮＴＴデータ,アプリケーション保守経費,1068000000,1,96
31,A.,2,7010401001556,アクセンチュア(株),コンサルティング業務,247000000,3,54.1
31,A.,3,9010601021385,(株)ＮＴＴデータ,運用等業務,214000000,4,36.8
31,A.,3,9010601021385,(株)ＮＴＴデータ,共通番号に係る設計・開発業務,201000000,1,96.3
31,A.,3,9010601021385,(株)ＮＴＴデータ,トナーカートリッジ等,209000000,1,99.8
31,A.,4,7010401110076,ソフトバンクモバイルサービス(株),統合ネットワーク回線利用,157000000,随意契約,-
31,A.,5,9010601021385,(株)ＮＴＴデータ,特別加入システム及び義肢等補装具システム改修,79000000,随意契約,-
31,A.,6,6010601032609,ＮＴＴデータ・カスタマサービス(株),OCRスキャナ消耗品,74000000,1,97.3
31,C.,1,9010601021385,(株)ＮＴＴデータ,アプリケーション保守経費,467000000,1,96
31,C.,1,9010601021385,(株)ＮＴＴデータ,ハードウェア・ソフトウェア借入経費,1848000000,2,96
31,C.,1,9010601021385,(株)ＮＴＴデータ,運用等業務,214000000,4,36.8
31,C.,1,9010601021385,(株)ＮＴＴデータ,トナーカートリッジ等,209000000,1,99.8
31,C.,1,9010601021385,(株)ＮＴＴデータ,制度改正等アプリケーション改修業務,239000000,1,96.2
31,C.,2,7010401110076,ソフトバンクモバイルサービス(株),統合ネットワーク回線利用,124000000,随意契約,-
31,C.,3,6010601032609,ＮＴＴデータ・カスタマサービス(株),拠点LAN導入及び保守経費,32000000,7,33.8
31,C.,3,6010601032609,ＮＴＴデータ・カスタマサービス(株),OCRスキャナ消耗品,74000000,1,97.3
31,C.,4,7010401110076,ソフトバンクモバイルサービス(株),厚生労働省ネットワークシステム経費,14000000,随意契約,-
31,C.,5,6010601032609,ＮＴＴデータ・カスタマサービス(株),統合ネットワーク移設経費,14000000,随意契約,-
32,B.,1,9010601021385,(株)ＮＴＴデータ,地図情報システムの機器移設等,9000000,随意契約,-
32,B.,2,6010601032609,ＮＴＴデータ・カスタマサービス(株),地図情報システムの機器移設等,5000000,随意契約,-
32,B.,3,,国土情報開発(株),地図数値化作業等,4000000,随意契約,-
32,B.,4,,個人Ａ,非常勤職員(地図管理業務の補助)の雇用,1000000,-,-
32,B.,5,,個人Ｂ,非常勤職員(地図管理業務の補助)の雇用,1000000,-,-
32,B.,6,,個人Ｃ,非常勤職員(地図管理業務の補助)の雇用,1000000,-,-
32,B.,7,,個人Ｄ,非常勤職員(地図管理業務の補助)の雇用,1000000,-,-
32,B.,8,,個人Ｅ,非常勤職員(地図管理業務の補助)の雇用,1000000,-,-
32,B.,9,,個人Ｆ,非常勤職員(地図管理業務の補助)の雇用,1000000,-,-
32,B.,10,,(株)両備システムズ,地図数値化作業等,1000000,随意契約,-
32,C.,1,9010601021385,(株)ＮＴＴデータ,地図情報システムに係る機器賃貸借，運用等業務,5334000000,2,98.9
32,C.,2,8010401005011,ＮＴＴファイナンス(株),地図情報システムに係る機器賃貸借,1829000000,1,99.9
32,C.,3,2010001033475,(株)ＪＥＣＣ,空調機等賃貸借,19000000,随意契約,-
32,C.,4,1020001071491,富士通(株),システム連動支援業務,15000000,1,96.9
32,C.,5,4010501033353,ＮＴＴ空間情報(株),電子住宅地図データ作成業務,12000000,随意契約,-
32,C.,6,6020001077096,富士古河Ｅ＆Ｃ(株),空調機賃貸借,200000,随意契約,-
33,A.,1,7010401022916,日本電気(株),補給管理システムの器材の借料等(国庫債務負担行為),3335000000,一般→随契,99.9
33,B.,1,7010401022916,日本電気(株),補給管理システムの器材の借料等,1271000000,随意契約,100
34,A.,1,9010601021385,(株)ＮＴＴデータ,マルチペイメントネットワーク接続試験ツールの保守,400000,随意契約,-
34,A.,1,9010601021385,(株)ＮＴＴデータ,マルチペイメントネットワーク接続試験料,300000,随意契約,-
34,A.,1,9010601021385,(株)ＮＴＴデータ,官庁会計システム用機器(環境Ⅱ)の賃貸借(23年度国庫債務負担行為),67000000,1,-
34,A.,1,9010601021385,(株)ＮＴＴデータ,マルチペイメントネットワーク共通ソフトウェアの保守,4000000,随意契約,-
34,A.,1,9010601021385,(株)ＮＴＴデータ,官庁会計システム等の機能追加に係る業務,562000000,1,-
34,A.,1,9010601021385,(株)ＮＴＴデータ,官庁会計システム用機器(環境Ⅰ)の賃貸借(23年度国庫債務負担行為),2603000000,1,-
34,A.,1,9010601021385,(株)ＮＴＴデータ,官庁会計システム等に係る保守管理業務(24年度国庫債務負担行為),933000000,1,-
34,A.,1,9010601021385,(株)ＮＴＴデータ,電算機械室等の賃貸借(23年度国庫債務負担行為),101000000,随意契約,-
34,B.,1,6010401015821,東京センチュリー(株),歳入金電子納付システム用機器の賃貸借(24年度国庫債務負担行為),350000000,随意契約,-
34,B.,1,6010401015821,東京センチュリー(株),官庁会計システム用機器(環境Ⅲ)の賃貸借(23年度国庫債務負担行為),37000000,1,-
34,C.,1,,日本郵便(株),国庫金振込通知書等の郵送,204000000,随意契約,-
34,D.,1,7010001064648,ＮＴＴコミュニケーションズ(株),センター間接続用回線等の提供,50000000,1,-
34,D.,1,7010001064648,ＮＴＴコミュニケーションズ(株),マルチペイメントネットワーク接続用回線等の提供,3000000,随意契約,-
34,D.,1,7010001064648,ＮＴＴコミュニケーションズ(株),監視支援機器接続用回線の提供,4000000,随意契約,-
34,D.,1,7010001064648,ＮＴＴコミュニケーションズ(株),特定外部システムとの接続に係る回線等の提供,12000000,1,-
34,E.,1,2011101056358,(株)ＮＴＴデータ・アイ,官庁会計システムの操作説明に係る教材コンテンツの開発業務,9000000,1,-
34,E.,1,2011101056358,(株)ＮＴＴデータ・アイ,官庁会計システムの操作説明に係る操作支援業務(24年度国庫債務負担行為),62000000,2,-
34,F.,1,7010401006126,沖電気工業(株),官庁会計システム等のハード更新等に係るプロジェクト管理等支援業務,15000000,随意契約,-
34,F.,2,4010401050341,トッパン・フォームズ(株),国庫金振込通知書の印刷,8000000,2,-
34,F.,3,,東洋印刷(株),電子納付対応納入告知書・納付書の印刷,6000000,2,-
34,F.,4,2010801012579,(株)リコー,セキュリティ設備一式の保守(24年度国庫債務負担行為),4000000,随意契約,-
34,F.,5,,(株)トーケイ,日本銀行本店等への運転業務等,3000000,3,-
34,F.,6,8010001036398,(株)秋山商会,DAT・LTO等の外部記憶媒体の購入等,2000000,2,97.9
34,F.,7,,東杏印刷(株),電子納付対応納入告知書・納付書発送用封筒,2000000,2,-
34,F.,8,4010401065760,(株)ワンビシアーカイブズ,磁気テープ等の保管等業務,2000000,1,-
34,F.,9,4021001041770,ファイナンスプリント(株),操作説明会等に係るテキスト印刷等,1000000,2,-
34,F.,10,,(株)日産フィナンシャルサービス,自動車の賃貸借,800000,随意契約,-
35,A.,1,,野村総合研究所,領事業務最適化計画推進コンサルティング業務,33000000,随意契約,-
35,A.,2,1010001143390,(株)ＮＴＴデータ経営研究所,次世代旅券開発の委託調査,9000000,企画競争,-
35,B.,1,7010401006126,沖電気工業(株),領事業務情報システム(査証事務支援システム設計・開発),793000000,企画競争,-
35,B.,2,1020001071491,富士通(株),領事業務情報システム(旅券発給管理システム改修),82000000,随意契約,-
35,B.,2,1020001071491,富士通(株),領事業務情報システム(査証システム統合に伴う統合プラットフォームの改修),123000000,随意契約,-
35,B.,3,2020001043507,富士ソフト(株),在留届電子届出システムの改修,61000000,随意契約,-
35,B.,3,2020001043507,富士ソフト(株),在留届電子届出システム・メルマガ配信システムの改修,29000000,随意契約,-
35,B.,4,1020001071491,富士通(株),領事利便支援システム・領事データ管理システムの在留届様式変更に伴う改修,23000000,随意契約,-
35,B.,4,1020001071491,富士通(株),領事利便支援システムの改修,22000000,随意契約,-
35,B.,4,1020001071491,富士通(株),領事業務情報システム(査証・統合プラットフォーム要件定義・基本設定対応),26000000,随意契約,-
35,B.,5,2020001043507,富士ソフト(株),外務省海外安全ホームページの改修,12000000,随意契約,-
35,B.,6,,東芝,査証システムソフト改修,10000000,随意契約,-
35,C.,1,6010401015821,東京センチュリー(株),【国庫債務】領事業務情報システム(第1期)サーバ等に係る機器借料保守,801000000,1,81.6
35,C.,1,6010401015821,東京センチュリー(株),【国庫債務】領事業務情報システム(第1期)端末等に係る機器借料保守,281000000,1,99.3
35,C.,2,7010401006126,沖電気工業(株),【国庫債務】領事業務情報システム(第2期)端末に係る機器等賃貸借保守,18000000,1,99.3
35,C.,3,6010401015821,東京センチュリー(株),【国庫債務】領事業務情報システム(査証システム統合のためのサーバ機器等の増強に係る賃貸借・保守),8000000,随意契約,-
35,C.,4,7010601037788,リコーリース(株),パソコン160台賃貸借料,6000000,2,51
35,D.,1,1020001071491,富士通(株),【国庫債務】領事業務情報システム(統合運用契約),117000000,2,96
35,D.,1,1020001071491,富士通(株),領事業務情報システム(統合保守契約),65000000,公募随契,-
35,D.,1,1020001071491,富士通(株),領事データ管理システム保守運用支援,53000000,随意契約,-
35,D.,2,2020001043507,富士ソフト(株),【国庫債務】在留届電子届出システムアプリケーション保守・運用支援,20000000,随意契約,-
35,E.,1,2020001043507,富士ソフト(株),【国庫債務】在留届電子届出システム等用クラウドサービス利用及び保守,117000000,3,97.3
35,F.,1,7010401110076,ソフトバンクモバイルサービス(株),領事業務情報システム回線経費,16000000,2,11.4
36,A.,1,7010401022916,日本電気(株),指掌紋自動識別システム用照合部賃貸借,3462000000,随意契約,-
36,A.,1,7010401022916,日本電気(株),即時処理用データ端末装置賃貸借等(40件),3033000000,-,-
36,A.,1,7010401022916,日本電気(株),警察総合捜査情報システム賃貸借(25年度国庫債務負担行為),1623000000,1,-
36,A.,2,2010001033475,(株)ＪＥＣＣ,全国的情報処理センタｰ用電子計算機分散保管媒体用暗号化装置賃貸借等(3件),20000000,-,-
36,A.,2,2010001033475,(株)ＪＥＣＣ,全国的情報処理センター用電子計算機賃貸借,1801000000,随意契約,-
36,A.,2,2010001033475,(株)ＪＥＣＣ,運転者管理業務用電子計算機賃貸借,905000000,随意契約,-
36,A.,3,1020001071491,富士通(株),警察情報共有システム賃貸借等(4件),133000000,-,-
36,A.,3,1020001071491,富士通(株),警察情報共有システム構築,261000000,2,-
36,A.,3,1020001071491,富士通(株),警察情報共有システム賃貸借,307000000,随意契約,-
36,A.,4,1010001008825,東京電力ホールディングス(株),電気の供給,95000000,随意契約,-
36,A.,4,1010001008825,東京電力ホールディングス(株),電気の供給(7月～3月分),67000000,随意契約,-
36,A.,4,1010001008825,東京電力ホールディングス(株),電気の供給(4月～6月分)等(2件),33000000,-,-
36,A.,5,2010001010788,伊藤忠テクノソリューションズ(株),警察庁オープンネットワークシステム賃貸借(22年度国庫債務負担行為),25000000,5,-
36,A.,5,2010001010788,伊藤忠テクノソリューションズ(株),オープンネットワーク用セキュリティ対策機器等賃貸借(25年度国庫債務負担行為),140000000,2,-
36,A.,5,2010001010788,伊藤忠テクノソリューションズ(株),警察庁オープンネットワークシステム保守等(2件),17000000,-,-
36,A.,6,,富士テレコム(株),インクカートリッジ(IC6CL50)外28点,103000000,3,-
36,A.,6,,富士テレコム(株),OA消耗品27品目等(3件),15000000,-,-
36,A.,6,,富士テレコム(株),インクカートリッジ(CT201402ブラック)外8点,25000000,3,-
36,A.,7,5010001006767,(株)富士通マーケティング,特定金融情報管理業務用端末装置(24年度国庫債務負担行為),3000000,2,-
36,A.,7,5010001006767,(株)富士通マーケティング,組織犯罪情報管理システム用端末装置及び特定金融情報管理業務用端末装置(22年度国庫債務負担行為),95000000,2,-
36,A.,7,5010001006767,(株)富士通マーケティング,自転車運転者講習管理業務プログラム,5000000,9,-
36,A.,8,5290801002046,(株)ゼンリン,警察総合捜査情報システム用住宅地図データ,96000000,随意契約,-
36,A.,9,,(株)ムーバブルトレードネットワークス,賃貸借機器撤去等作業(25年度国庫債務負担行為),96000000,3,-
36,A.,10,1010001012983,(株)大塚商会,インクリボン(EF-1285BS)外9点,15000000,2,-
36,A.,10,1010001012983,(株)大塚商会,トナーカートリッジ(LPB3T25S)外28点等,37000000,-,-
36,A.,10,1010001012983,(株)大塚商会,インクリボン(EF-1285BS)外8点,13000000,2,-
37,D.,1,4010701026198,ＩＢＪＬ東芝リース(株),労働保険適用徴収システムに係るハード・ソフトの賃貸借及び保守(その3),460000000,1,75.1
37,D.,2,1020001071491,富士通(株),労働保険適用徴収システムに係るアプリケーション保守業務一式(平成26年度),448000000,1,94.7
37,D.,3,,日本郵便(株),後納郵便料,365000000,-,-
37,D.,4,6010401015821,東京センチュリー(株),労働保険適用徴収システムに係るハード・ソフトの賃貸借及び保守(本省),314000000,2,34.6
37,D.,5,6010001030403,(株)三菱総合研究所,労働保険適用徴収システムの更改等に係る総合工程管理等支援業務一式(26年度分),295000000,1,97.9
37,D.,6,2010001033475,(株)ＪＥＣＣ,労働保険適用徴収システムに係るハード・ソフトの賃貸借及び保守(その2),241000000,3,49.7
37,D.,7,6010401015821,東京センチュリー(株),労働保険適用徴収システムに係るハード・ソフトの賃貸借及び保守(その1),113000000,2,38.3
37,D.,8,7010401001556,アクセンチュア(株),労働保険適用徴収システムに係る技術的支援業務等一式,86000000,1,82
37,D.,9,1020001071491,富士通(株),労働保険適用徴収システムに係る機能改修業務(充当処理等の仕様変更に伴う改修),84000000,1,95.5
37,D.,10,,東洋印刷(株),労働保険概算・確定保険料申告書(納付書を含む)の印刷,78000000,6,97.8
38,A.,1,9010601021385,(株)ＮＴＴデータ,CIS機能等機器更新に伴う開発(24年度国庫債務負担行為),711000000,1,-
38,A.,1,9010601021385,(株)ＮＴＴデータ,海上貨物スクリーニングシステム統合等に伴うCIS機能のプログラム変更,50000000,1,-
38,A.,1,9010601021385,(株)ＮＴＴデータ,海上貨物スクリーニングシステム統合等に伴う統合端末ソフトウェアのプログラム変更,10000000,1,-
38,A.,2,7010401022916,日本電気(株),課税業務機能等(COMTIS・ACTIS機能)ソフトウェア移行等(25年度国庫債務負担行為),303000000,1,96.5
38,B.,1,9010601021385,(株)ＮＴＴデータ,CIS機能等既設機器賃貸借(24年度国庫債務負担行為),539000000,1,99.9
38,B.,2,8010401021784,ＮＥＣキャピタルソリューション(株),課税業務機能等(COMTIS・ACTIS機能)機器賃貸借(25年度国庫債務負担行為),58000000,2,42.4
38,B.,2,8010401021784,ＮＥＣキャピタルソリューション(株),課税業務機能等(COMTIS・ACTIS機能)機器賃貸借(25年度国庫債務負担行為),116000000,1,96.5
38,B.,2,8010401021784,ＮＥＣキャピタルソリューション(株),課税業務機能等(COMTIS・ACTIS機能)機器賃貸借(再リース),52000000,随意契約（公募）,-
38,B.,3,2011101056358,(株)ＮＴＴデータ・アイ,冗長化サーバ機器賃貸借(22年度国庫債務負担行為),2000000,1,-
38,B.,4,9010001142187,昭和リース(株),住基ネットワーク接続機能機器賃貸借(25年度国庫債務負担行為),1000000,1,97.8
38,C.,1,7010401022916,日本電気(株),課税業務機能等(COMTIS・ACTIS機能)既設機器の撤去,700000,随意契約,-
38,C.,2,2011101056358,(株)ＮＴＴデータ・アイ,冗長化サーバ機器の撤去,200000,随意契約,-
38,D.,1,9010601021385,(株)ＮＴＴデータ,CIS機能プログラム変更,15000000,1,-
38,D.,1,9010601021385,(株)ＮＴＴデータ,統合端末ソフトウェアのプログラム変更,2000000,1,-
38,D.,1,9010601021385,(株)ＮＴＴデータ,統合端末ソフトウェアのプログラム変更,2000000,1,-
38,D.,1,9010601021385,(株)ＮＴＴデータ,CIS運用技術支援業務(25年度国庫債務負担行為),152000000,1,-
38,D.,2,7010401022916,日本電気(株),課税業務機能等(COMTIS・ACTIS機能)プログラム変更,2000000,2,-
38,D.,2,7010401022916,日本電気(株),課税業務機能等(COMTIS・ACTIS機能)運用技術支援業務,45000000,1,-
38,D.,2,7010401022916,日本電気(株),課税業務機能等(COMTIS・ACTIS機能)運用技術支援業務(25年度国庫債務負担行為),43000000,1,-
38,D.,3,8010501016536,ＴＩＳソリューションリンク(株),CIS運転業務委託(25年度国庫債務負担行為),27000000,1,-
38,D.,3,8010501016536,ＴＩＳソリューションリンク(株),CIS運転業務委託,29000000,1,-
38,D.,4,8010001036398,(株)秋山商会,消耗品の購入,700000,随意契約,-
38,D.,4,8010001036398,(株)秋山商会,消耗品の購入,5000000,3,99.2
38,D.,4,8010001036398,(株)秋山商会,消耗品の購入,50000,随意契約,-
38,D.,5,9010001087242,富士電機ＩＴソリューション(株),消耗品の購入,10000,随意契約,-
38,D.,5,9010001087242,富士電機ＩＴソリューション(株),消耗品の購入,1000000,1,99.9
38,D.,5,9010001087242,富士電機ＩＴソリューション(株),消耗品の購入,30000,随意契約,-
38,D.,6,4010401065760,(株)ワンビシアーカイブズ,磁気媒体保管集配,300000,随意契約,-
38,D.,7,,日本マルチペイメントネットワーク運営機構,マルチペイメントネットワークに係る仕様開示,100000,随意契約,-
38,D.,8,2010801011481,ミズノ(株),消耗品の購入,70000,随意契約,-
38,E.,1,9020001071492,富士電機(株),九段第3合同庁舎UPS消耗部品交換作業,32000000,1,-
38,E.,1,9020001071492,富士電機(株),九段第3合同庁舎UPS保守,2000000,1,-
38,E.,1,9020001071492,富士電機(株),九段第3合同庁舎UPS設定変更,700000,随意契約,-
38,E.,2,2010701022133,(株)Ｆ－Ｐｏｗｅｒ,九段第3合同庁舎・千代田区役所本庁舎で使用する電気料,23000000,2,-
38,E.,3,,千代田区役所,九段第3合同庁舎で使用するガス料,200000,随意契約,-
38,E.,3,,千代田区役所,九段第3合同庁舎で使用する水道料,800000,随意契約,-
38,E.,4,7013201017136,オムロンフィールドエンジニアリング(株),九段第3合同庁舎機械警備設備等保守,1000000,随意契約,-
38,E.,5,8011101028104,東日本電信電話(株),住基ネット回線料,500000,随意契約,-
38,E.,6,8010001025236,(株)那須商会,九段第3合同庁舎・千代田区役所本庁舎産業廃棄物処理業務,40000,随意契約,-
38,E.,7,,(株)シミズ・ビルライフケア,九段第3合同庁舎中央監視装置設定変更作業,10000,随意契約,-
38,F.,1,6010001030403,(株)三菱総合研究所,第4次CISの調達及び設計・開発に係る業務支援(25年度国庫債務負担行為),104000000,1,99.9
38,F.,1,6010001030403,(株)三菱総合研究所,課税業務機能等(COMTIS・ACTIS機能)機器更新等に係る業務支援,13000000,随意契約,-
38,G.,1,7010401018377,(株)帝国データバンク,企業情報提供等及び企業情報信用調査報告の提供に関する請負契約,13000000,随意契約（公募）,-
38,G.,2,3010005022218,地方公共団体情報システム機構,住基ネットを利用した本人確認情報の提供,2000,随意契約,-
38,H.,1,1010401052844,九段ＰＦＩサービス(株),九段第3合同庁舎維持管理運営業務(19年度国庫債務負担行為),10000000,6,-
38,I.,1,1020001071491,富士通(株),貿易統計業務機能(COSMOS機能)運用技術支援業務(25年度国庫債務負担行為),146000000,1,-
38,I.,2,7010401022973,日本電算企画(株),貿易統計業務機能(COSMOS機能)プログラム変更,9000000,1,-
38,I.,3,1010601027646,富士ソフトサービスビューロ(株),財務省電算機処理におけるデータの入力等業務,1000000,1,-
38,I.,4,8010001036398,(株)秋山商会,消耗品の購入,200000,2,-
38,I.,4,8010001036398,(株)秋山商会,消耗品の購入,400000,2,-
38,I.,4,8010001036398,(株)秋山商会,消耗品の購入,10000,随意契約,-
38,I.,5,4010401065760,(株)ワンビシアーカイブズ,電子計算機用磁気テープﾟ等の保管等業務,100000,1,-
38,I.,6,,広友サービス(株),消耗品の購入,10000,随意契約,-
38,J.,1,7010001064648,ＮＴＴコミュニケーションズ(株),貿易統計データ検索専用端末に係るインターネット回線使用料,100000,随意契約,-
38,K.,1,9010601021385,(株)ＮＴＴデータ,貿易統計業務機能(COSMOS機能)等既設機器賃貸借(24年度国庫債務負担行為),119000000,1,99.9
38,L.,1,8010501016536,ＴＩＳソリューションリンク(株),CIS運転業務委託(25年度国庫債務負担行為),4000000,1,-
38,L.,1,8010501016536,ＴＩＳソリューションリンク(株),CIS運転業務委託,4000000,1,-
38,M.,1,1010001128061,日本アイ・ビー・エム(株),海上貨物スクリーニングシステム用機器賃貸借(22年度国庫債務負担行為),21000000,3,-
38,N.,1,2010701023164,ＰＣＩアイオス(株),海上貨物スクリーニングシステム運用支援業務委託(25年度国庫債務負担行為),14000000,1,-
38,O.,1,6010401015821,東京センチュリー(株),税関情報総合提供システム用機器賃貸借(再リース),1000000,随意契約（公募）,-
38,O.,1,6010401015821,東京センチュリー(株),税関情報総合提供システム用機器賃貸借(22年度国庫債務負担行為),29000000,1,-
38,P.,1,1020001071491,富士通(株),九段第3合同庁舎マシン室静脈認証装置保守,100000,随意契約,-
38,P.,1,1020001071491,富士通(株),税関情報総合提供システムのプログラム変更,18000000,1,-
38,P.,1,1020001071491,富士通(株),税関情報総合提供システムの運用技術支援業務(25年度国庫債務負担行為),12000000,1,-
38,P.,1,1020001071491,富士通(株),税関情報総合提供システムの運用技術支援業務,1000000,1,-
38,P.,2,7010001064648,ＮＴＴコミュニケーションズ(株),税関情報総合提供システムの回線使用料,300000,随意契約（公募）,-
38,P.,2,7010001064648,ＮＴＴコミュニケーションズ(株),税関情報総合提供システムの回線使用料(22年度国庫債務負担行為),4000000,1,-
38,Q.,1,6010401015821,東京センチュリー(株),税関LAN既設機器賃貸借,3000000,随意契約（公募）,-
38,Q.,1,6010401015821,東京センチュリー(株),税関WAN機器賃貸借(22年度国庫債務負担行為),313000000,1,-
38,Q.,1,6010401015821,東京センチュリー(株),税関WAN機器賃貸借(22年度国庫債務負担行為),21000000,1,-
38,Q.,1,6010401015821,東京センチュリー(株),税関LAN既設機器賃貸借(再リース),90000,随意契約,-
38,Q.,1,6010401015821,東京センチュリー(株),税関LAN既設機器賃貸借(25年度国庫債務負担行為),22000000,1,99.1
38,Q.,1,6010401015821,東京センチュリー(株),税関LAN既設機器賃貸借(24年度国庫債務負担行為),92000000,2,60.7
38,Q.,1,6010401015821,東京センチュリー(株),税関LAN既設機器賃貸借(24年度国庫債務負担行為),454000000,1,90
38,Q.,1,6010401015821,東京センチュリー(株),税関LAN既設機器賃貸借(22年度国庫債務負担行為),3000000,2,-
38,Q.,2,8010401021784,ＮＥＣキャピタルソリューション(株),税関LAN既設機器賃貸借(24年度国庫債務負担行為),70000000,3,42.9
38,Q.,3,8010401005011,ＮＴＴファイナンス(株),税関LAN既設機器賃貸借(24年度国庫債務負担行為),24000000,4,-
38,Q.,3,8010401005011,ＮＴＴファイナンス(株),税関LAN既設機器賃貸借(22年度国庫債務負担行為),600000,1,-
38,Q.,3,8010401005011,ＮＴＴファイナンス(株),税関LAN既設機器賃貸借(24年度国庫債務負担行為),35000000,4,-
38,Q.,4,6010601032609,ＮＴＴデータ・カスタマサービス(株),税関LAN既設機器賃貸借(24年度国庫債務負担行為),58000000,4,60.4
38,Q.,5,2010601038584,日本電子計算(株),税関LAN既設機器賃貸借(24年度国庫債務負担行為),56000000,4,-
38,Q.,6,2010001128507,富士通リース(株),税関LAN既設機器賃貸借(24年度国庫債務負担行為),43000000,3,-
38,Q.,7,6010401024970,日立キャピタル(株),税関LAN既設機器賃貸借(再リース),1000000,随意契約（公募）,-
38,Q.,7,6010401024970,日立キャピタル(株),税関LAN既設機器賃貸借(22年度国庫債務負担行為),34000000,2,-
38,Q.,7,6010401024970,日立キャピタル(株),税関LAN既設機器賃貸借(再リース),2000000,随意契約（公募）,-
38,Q.,8,9360001004633,沖縄ジェックリース(株),税関LAN既設機器賃貸借(24年度国庫債務負担行為),16000000,2,-
38,R.,1,7010001064648,ＮＴＴコミュニケーションズ(株),税関WAN回線使用料,756000000,随意契約,-
38,R.,2,8011101028104,東日本電信電話(株),税関LAN回線使用料,2000000,随意契約,-
38,R.,3,7120001077523,西日本電信電話(株),税関LAN回線使用料,900000,随意契約,-
38,R.,4,9120001062589,(株)ケイ・オプティコム,税関LAN回線使用料,800000,随意契約,-
38,S.,1,7010001064648,ＮＴＴコミュニケーションズ(株),税関LAN運用管理業務(22年度国庫債務負担行為),2000000,2,-
38,S.,1,7010001064648,ＮＴＴコミュニケーションズ(株),税関WAN運用管理業務(22年度国庫債務負担行為),126000000,1,-
38,S.,2,6010601032609,ＮＴＴデータ・カスタマサービス(株),税関LAN運用管理業務,9000,随意契約,-
38,S.,2,6010601032609,ＮＴＴデータ・カスタマサービス(株),税関LAN運用管理業務,10000,随意契約,-
38,S.,2,6010601032609,ＮＴＴデータ・カスタマサービス(株),税関LAN運用管理業務,10000,随意契約,-
38,S.,2,6010601032609,ＮＴＴデータ・カスタマサービス(株),税関LAN運用管理業務,7000000,1,-
38,S.,2,6010601032609,ＮＴＴデータ・カスタマサービス(株),税関LAN運用管理業務,5000,随意契約,-
38,S.,2,6010601032609,ＮＴＴデータ・カスタマサービス(株),税関LAN運用管理業務,5000,随意契約,-
38,S.,2,6010601032609,ＮＴＴデータ・カスタマサービス(株),税関LAN運用管理業務,8000000,1,-
38,S.,2,6010601032609,ＮＴＴデータ・カスタマサービス(株),税関LAN運用管理業務,9000000,2,-
38,S.,3,4020001082230,東芝オフィスメイト(株),税関LAN運用管理業務,10000000,2,-
38,S.,4,1020001071491,富士通(株),税関LAN運用管理業務,9000000,1,-
38,S.,5,8140001012270,(株)日本ビジネスデータープロセシングセンター,税関LAN運用管理業務,8000000,2,-
38,S.,6,8010401056384,(株)富士通エフサス,税関LAN運用管理業務,7000000,2,-
38,S.,7,6010701001439,(株)エスエスイー,税関LAN運用管理業務,6000000,1,-
38,S.,8,4360001005834,(株)エスネット,税関LAN運用管理業務,5000000,2,-
38,T.,1,7010001064648,ＮＴＴコミュニケーションズ(株),税関WAN設定変更,18000000,随意契約（公募）,-
38,T.,1,7010001064648,ＮＴＴコミュニケーションズ(株),税関WAN機器移設等,800000,随意契約,-
38,T.,1,7010001064648,ＮＴＴコミュニケーションズ(株),税関WAN機器移設等(他6件),1000000,-,-
38,T.,1,7010001064648,ＮＴＴコミュニケーションズ(株),税関WAN機器移設等,1000000,随意契約,-
38,T.,1,7010001064648,ＮＴＴコミュニケーションズ(株),税関WAN設定変更,6000000,随意契約（公募）,-
38,T.,1,7010001064648,ＮＴＴコミュニケーションズ(株),税関WAN機器移設等,600000,随意契約,-
38,T.,1,7010001064648,ＮＴＴコミュニケーションズ(株),税関WAN設定変更,9000000,随意契約（公募）,-
38,T.,1,7010001064648,ＮＴＴコミュニケーションズ(株),税関WAN機器移設等,1000000,随意契約,-
38,T.,1,7010001064648,ＮＴＴコミュニケーションズ(株),税関WAN設定変更,13000000,随意契約（公募）,-
38,T.,2,6010601032609,ＮＴＴデータ・カスタマサービス(株),税関LAN既設機器設定変更,100000,随意契約,-
38,T.,2,6010601032609,ＮＴＴデータ・カスタマサービス(株),税関LAN既設機器設定変更,200000,随意契約,-
38,T.,2,6010601032609,ＮＴＴデータ・カスタマサービス(株),税関LAN既設機器設定変更,70000,随意契約,-
38,T.,2,6010601032609,ＮＴＴデータ・カスタマサービス(株),税関LAN既設機器設定変更,90000,随意契約,-
38,T.,2,6010601032609,ＮＴＴデータ・カスタマサービス(株),税関LAN既設機器設定変更,700000,随意契約,-
38,T.,2,6010601032609,ＮＴＴデータ・カスタマサービス(株),税関LAN既設機器設定変更,800000,随意契約,-
38,T.,2,6010601032609,ＮＴＴデータ・カスタマサービス(株),税関LAN既設機器設定変更,900000,随意契約,-
38,T.,2,6010601032609,ＮＴＴデータ・カスタマサービス(株),税関LAN既設機器設定変更,1000000,随意契約,-
38,T.,3,1010001012983,(株)大塚商会,税関LAN既設機器設定変更,400000,随意契約,-
38,T.,3,1010001012983,(株)大塚商会,税関LAN既設機器設定変更,1000000,随意契約,-
38,T.,3,1010001012983,(株)大塚商会,税関LAN既設機器設定変更,400000,随意契約,-
38,T.,3,1010001012983,(株)大塚商会,税関LAN既設機器設定変更,400000,随意契約,-
38,T.,3,1010001012983,(株)大塚商会,税関LAN既設機器設定変更,400000,随意契約,-
38,T.,3,1010001012983,(株)大塚商会,税関LAN既設機器設定変更,300000,随意契約,-
38,T.,3,1010001012983,(株)大塚商会,税関LAN既設機器設定変更,700000,随意契約,-
38,T.,3,1010001012983,(株)大塚商会,税関LAN既設機器設定変更,300000,随意契約,-
38,T.,3,1010001012983,(株)大塚商会,税関LAN既設機器設定変更,400000,随意契約,-
38,T.,4,1020001071491,富士通(株),税関LAN既設機器設定変更,4000000,1,-
38,T.,5,,ユタカ電気(株),税関LAN既設機器設定変更,1000000,随意契約,-
38,T.,6,1010001110829,リコージャパン(株),税関LAN既設機器設定変更,200000,随意契約,-
38,T.,7,8011101028104,東日本電信電話(株),回線設定変更,5000,随意契約,-
38,T.,8,9010001087242,富士電機ＩＴソリューション(株),消耗品の購入,44000000,1,99.9
38,T.,9,7290801004032,(株)オフィスソリューションズ北九州,消耗品の購入,30000,随意契約,-
38,T.,9,7290801004032,(株)オフィスソリューションズ北九州,消耗品の購入,6000,随意契約,-
38,T.,9,7290801004032,(株)オフィスソリューションズ北九州,消耗品の購入,18000000,3,-
38,T.,10,8010001036398,(株)秋山商会,ソフトウェアの購入,60000,随意契約,-
38,T.,10,8010001036398,(株)秋山商会,ソフトウェアの購入,200000,随意契約,-
38,T.,10,8010001036398,(株)秋山商会,消耗品の購入,15000000,2,91.7
38,T.,11,,(株)二村商店,消耗品の購入,9000000,4,-
38,T.,12,,(株)ディエスジャパン,消耗品の購入,6000000,2,61.1
38,T.,13,,マイクロ情報通信(株),ソフトウェアの購入,5000000,3,-
38,T.,14,,(株)井原商店,消耗品の購入,3000000,5,81.9
38,T.,15,9330001003794,(株)パネックス,消耗品の購入,2000000,4,-
38,T.,16,,(株)ワードウィン,消耗品の購入,2000000,7,-
38,T.,17,5430001028059,(株)セラビ,消耗品の購入,1000000,随意契約,-
38,U.,1,9010001087242,富士電機ＩＴソリューション(株),消耗品の購入,44000000,1,99.9
38,U.,2,7290801004032,(株)オフィスソリューションズ北九州,消耗品の購入,6000,随意契約,-
38,U.,2,7290801004032,(株)オフィスソリューションズ北九州,消耗品の購入,18000000,3,-
38,U.,2,7290801004032,(株)オフィスソリューションズ北九州,消耗品の購入,30000,随意契約,-
38,U.,3,8010001036398,(株)秋山商会,ソフトウェアの購入,200000,随意契約,-
38,U.,3,8010001036398,(株)秋山商会,消耗品の購入,15000000,2,91.7
38,U.,3,8010001036398,(株)秋山商会,ソフトウェアの購入,60000,随意契約,-
38,U.,4,,(株)二村商店,消耗品の購入,9000000,4,-
38,U.,5,,(株)ディエスジャパン,消耗品の購入,6000000,2,61.1
38,U.,6,,マイクロ情報通信(株),ソフトウェアの購入,5000000,3,-
38,U.,7,,(株)井原商店,消耗品の購入,3000000,5,81.9
38,U.,8,9330001003794,(株)パネックス,消耗品の購入,2000000,4,-
38,U.,9,,(株)ワードウィン,消耗品の購入,2000000,7,-
38,U.,10,5430001028059,(株)セラビ,消耗品の購入,1000000,随意契約,-
39,A.,1,2010001033475,(株)ＪＥＣＣ,航空交通管制情報処理システム電子計算機の賃貸借,3484000000,随意契約,-
39,A.,2,7010001064648,ＮＴＴコミュニケーションズ(株),通信専用料等,141000000,-,-
39,A.,2,7010001064648,ＮＴＴコミュニケーションズ(株),航空安全推進ネットワーク接続回線利用,199000000,2,87.2
39,A.,2,7010001064648,ＮＴＴコミュニケーションズ(株),航空保安情報ネットワークサービスの調達,2401000000,随意契約,-
39,A.,3,7140001005647,兼松(株),飛行検査用航空機3式の購入【H25国債】,1668000000,1,87
39,A.,4,6012401012609,(株)ジャムコ,飛行検査機保守点検整備作業(BD型機),387000000,1,96.6
39,A.,4,6012401012609,(株)ジャムコ,飛行検査機保守点検整備作業(DHC8型機),191000000,1,84.4
39,A.,4,6012401012609,(株)ジャムコ,飛行検査機保守点検整備作業(SAAB型機),429000000,1,97.8
39,A.,4,6012401012609,(株)ジャムコ,飛行検査機保守点検整備作業(G4型機),176000000,1,99.5
39,A.,5,7010401022916,日本電気(株),TDU－2001型管制情報表示装置等の部品1式の修理等,78000000,-,-
39,A.,5,7010401022916,日本電気(株),航空保安無線施設部品補給管理システムの設計・開発及び移行【H23国債】,53000000,5,42.5
39,A.,5,7010401022916,日本電気(株),運用・信頼性管理装置等運用支援,77000000,1,92.9
39,A.,5,7010401022916,日本電気(株),歳入処理端末システム性能向上および調整作業,81000000,1,98.7
39,A.,6,4010001008772,三菱電機(株),運輸多目的衛星新2号テレメトリデータ伝送作業,4000000,1,95.9
39,A.,6,4010001008772,三菱電機(株),MLAT－07D型マルチラテレーション装置等の部品の購入,92000000,1,96.5
39,A.,6,4010001008772,三菱電機(株),MLAT－07型マルチラテレーション装置等の部品1式の修理,162000000,1,97.8
39,A.,7,1011001032443,(株)ティー・エム・シー・インターナショナル,航空機部品(SAAB型機用)の購入,16000000,1,99.7
39,A.,7,1011001032443,(株)ティー・エム・シー・インターナショナル,飛行検査機エンジンのオーバーホール作業(SAAB型機用),228000000,2,92.6
39,A.,8,9011101031552,ＫＤＤＩ(株),通信専用料,196000000,-,-
39,A.,9,,(株)稲穂,航空管制官訓練教官業務作業員及び事務員の派遣,174000000,2,90.9
39,A.,10,,コスモ石油(株),航空タービン燃料油の購入(仙台空港),14000000,3,98.3
39,A.,10,,コスモ石油(株),航空タービン燃料油の購入(東京国際空港),152000000,3,94.2
41,A.,1,1020001071491,富士通(株),予算編成支援システムの維持管理業務,1333000000,1,-
41,B.,1,9010001142187,昭和リース(株),予算編成支援システムの機器(サーバ、端末機、プリンタ等)の賃貸借(23年度国庫債務負担行為),1141000000,1,-
41,C.,1,7010001064648,ＮＴＴコミュニケーションズ(株),財務省・データセンタ間の専用回線使用料等,48000000,随意契約,-
41,D.,1,2011101061853,ＴＩＳ(株),システムの調達に係る支援等、システム運用に係る各種支援業務,40000000,1,-
41,E.,1,,秋山商会(株),プリンタトナー等の購入,8000000,2,97.6
41,F.,1,8011101028104,東日本電信電話(株),財務省・政府関係機関間等の専用回線使用料,2000000,随意契約,-
41,G.,1,4021001041770,ファイナンスプリント(株),研修資料等の印刷,2000000,1,-
41,H.,1,4010401065760,(株)ワンビシアーカイブズ,バックアップデータ外部保管経費,1000000,1,-
42,B.,1,7010601037788,リコーリース(株),登記識別情報通知書用シールプリンタに係る機器の借料,51000000,随意契約,-
42,B.,2,2010801012579,(株)リコー,登記識別情報通知書用シールプリンタに係る機器に関する役務の委託,7000000,随意契約,-
42,B.,3,7010401052137,東芝ソリューション(株),登記識別情報通知書用シールプリンタに係る機器に関する役務の委託,1000000,随意契約,-
42,B.,4,1010001110829,リコージャパン(株),登記識別情報通知書用シールプリンタに係る機器に関する役務の委託,100000,随意契約,-
42,C.,1,1020001071491,富士通(株),オンライン登記申請システムの機器更新等に係るアプリケーション改修作業等,2066000000,1,1
42,C.,2,6010401015821,東京センチュリー(株),オンライン登記申請システム等業務代行システムの機器等の借料等,796000000,1,0.99
42,C.,3,2010001033475,(株)ＪＥＣＣ,オンライン登記申請システムに係る機器の借料,304000000,2,0.526
42,C.,4,9010601021385,(株)ＮＴＴデータ,オンライン登記申請システムの操作サポートデスクの業務の委託,93000000,2,0.688
42,C.,5,6010001011147,(株)インターネットイニシアティブ,オンライン登記申請システムのインターネット接続サービス,44000000,1,0.972
42,C.,6,1010701008901,(株)フォーカスシステムズ,登記情報システム用バーコードリーダの購入,28000000,2,0.351
42,C.,7,,ブロードメディア(株),オンライン登記申請システムに係るソフトウェア等の配信サービス,10000000,1,0.989
42,C.,8,7010001035673,(株)アズジェント,オンライン登記申請システム等のセキュリティ監査業務委託,7000000,5,0.761
42,C.,9,,(一財)自治体衛星通信機構,公的個人認証サービス情報提供手数料(分担金),4000000,随意契約,-
42,C.,10,2010801012579,(株)リコー,登記識別情報通知書用シールプリンタに係る機器に関する役務の委託,2000000,随意契約,-
42,D.,1,9010001045803,新日鉄住金ソリューションズ(株),運用管理支援,7000000,随意契約,-
42,D.,2,6010401015821,東京センチュリー(株),パーソナルコンピュータ等に係る借料,3000000,随意契約,-
42,D.,3,2010001033475,(株)ＪＥＣＣ,パーソナルコンピュータ等に係る借料,3000000,随意契約,-
42,D.,4,7010601037788,リコーリース(株),パーソナルコンピュータ等に係る借料,30000,随意契約,-
43,A.,1,,経済産業局,経済産業局における基盤情報システムの運用、セキュリティの確保等,89000000,-,-
43,B.,1,7010401022916,日本電気(株),経済産業省基盤情報システムサービス,2091000000,2,-
44,A.,1,6010401015821,東京センチュリー(株),システム機器等賃貸借等,288000000,-,-
44,A.,1,6010401015821,東京センチュリー(株),システム機器等賃貸借等,351000000,-,-
44,A.,1,6010401015821,東京センチュリー(株),システム機器等賃貸借等,277000000,-,-
44,A.,1,6010401015821,東京センチュリー(株),システム機器等賃貸借等,108000000,-,-
44,A.,2,7010401001556,アクセンチュア(株),アプリケーション改修業務等,329000000,-,-
44,A.,3,7010401001556,アクセンチュア(株),アプリケーション保守業務等,315000000,1,99.8
44,A.,4,4010401045416,シスコシステムズキャピタル(株),法務省NW更新に係る機器等賃貸借,103000000,-,-
44,A.,5,9010601021385,(株)ＮＴＴデータ,検察総合情報管理システム運用支援業務,30000000,-,-
44,A.,6,7010401110076,ソフトバンクモバイルサービス(株),インターネット接続サービス料,1000000,随意契約,-
44,A.,6,7010401110076,ソフトバンクモバイルサービス(株),インターネット接続拠点変更等作業,4000000,随意契約,-
44,A.,7,9010001142187,昭和リース(株),インターネット接続機器等,3000000,随意契約,-
44,A.,8,8010401056384,(株)富士通エフサス,情報収集機器,2000000,2,44
44,A.,9,9010001045803,新日鉄住金ソリューションズ(株),法務本省内LANシステム等の更新整備及び運用管理業務,900000,2,82.8
44,C.,1,,住友電設(株),情報システム関連機器購入,11000000,4,81.1
44,C.,2,2010701022133,(株)Ｆ－Ｐｏｗｅｒ,電気料,4000000,2,99
44,C.,3,3120001059632,関西電力(株),電気料,2000000,2,98.6
44,C.,4,5010001030412,三菱電機ビルテクノサービス(株),保守業務,950000,随意契約,-
44,C.,5,9010001008776,丸紅(株),電気料,900000,5,87.3
44,C.,6,8010001067848,ミツウロコグリーンエネルギー(株),電気料,700000,4,94.2
44,C.,7,,東北電力(株),電気料,600000,随意契約,-
44,C.,8,6010005012356,日本ロジテック(協組),電気料,600000,2,94.8
44,C.,9,9010401041641,(株)エネット,電気料,500000,2,90
44,C.,10,,富士通コワーコ(株),物品購入(消耗品等),500000,随意契約,-
45,A.,1,2010001033475,(株)ＪＥＣＣ,スーパーコンピュータシステム借用(レンタル)(国庫債務負担行為),672000000,1,99.7
45,A.,1,2010001033475,(株)ＪＥＣＣ,DCPデータ伝送装置等の借用(リース)・保守(国庫債務負担行為),19000000,2,95.6
46,A.,1,1020001071491,富士通(株),気象情報伝送処理システムの業務処理ソフトウェア改修,13000000,1,99.23
46,A.,1,1020001071491,富士通(株),気象情報伝送処理システム(西日本)の製作及び取付調整,185000000,1,99.662
46,A.,1,1020001071491,富士通(株),気象情報伝送処理システムの業務処理ソフトウェア保守(国庫債務負担行為),27000000,1,99.759
46,A.,1,1020001071491,富士通(株),潮位データ総合処理装置の設定変更等等,3000000,,-
46,A.,2,2010001033475,(株)ＪＥＣＣ,気象情報伝送処理システム(西日本)ハードウェアの借用(リース)及び保守(国庫債務負担行為),8000000,1,99.662
46,A.,2,2010001033475,(株)ＪＥＣＣ,気象情報伝送処理システムハードウェアの借用(リース)・保守(国庫債務負担行為),150000000,3,45.8
46,A.,2,2010001033475,(株)ＪＥＣＣ,気象情報伝送処理システム(西日本)用クライアントシステムの借用(リース)及び保守(国庫債務負担行為),2000000,1,99.7
46,A.,3,,東京コンピュータサービス(株),気象情報伝送処理システム(西日本)用クライアントシステムの購入及び取付調整,62000000,1,99.709
46,A.,3,,東京コンピュータサービス(株),気象情報伝送処理システムネットワークラックの購入,4000000,5,69.032
46,A.,4,6010401015821,東京センチュリー(株),気象情報伝送処理システム用クライアントシステムの借用(リース)・保守(国庫債務負担行為),62000000,3,99.9
46,A.,5,7010401110076,ソフトバンクモバイルサービス(株),気象情報伝送処理システム(西日本)ネットワーク機器の取付調整,11000000,1,98.5
46,A.,5,7010401110076,ソフトバンクモバイルサービス(株),気象情報配信サービス(ホスティング等)の提供(国庫債務負担行為),41000000,2,90.4
46,A.,6,4010401045416,シスコシステムズキャピタル(株),気象情報伝送処理システムネットワーク機器の借用(リース)・保守(国庫債務負担行為),28000000,2,68.725
46,A.,6,4010401045416,シスコシステムズキャピタル(株),気象情報伝送処理システム(西日本)ネットワーク機器の借用(リース)・保守(国庫債務負担行為),793000,1,98.495
46,A.,7,7010001008844,(株)日立製作所,気象コンテンツ作成装置用サポートサービスライセンスの購入,2000000,1,100
46,A.,7,7010001008844,(株)日立製作所,気象庁ホームページ表示機能改修,19000000,1,99.8
46,A.,8,8010401021784,ＮＥＣキャピタルソリューション(株),高解像度降水予測システムハードウェアの借用(リース)・保守(国庫債務負担行為),9000000,3,52.7
46,A.,9,4010701026198,ＩＢＪＬ東芝リース(株),部外機関通信処理システムハードウェアの借用(リース)及び保守(国庫債務負担行為),8000000,2,24.8
46,A.,10,1011801021793,(株)マルミヤ,トナーカートリッジ他(リコー)の購入,5000000,2,83.9
46,B.,1,7010401110076,ソフトバンクモバイルサービス(株),西アデス整備等に伴う国内基盤通信網ネットワーク機器設定変更,3000000,随意契約,-
46,B.,1,7010401110076,ソフトバンクモバイルサービス(株),電信回線専用料,236000000,随意契約,-
46,B.,2,2010001033475,(株)ＪＥＣＣ,気象情報伝送処理システム・クライアントPC等借用(リース)及び保守,36000000,随意契約,-
46,B.,2,2010001033475,(株)ＪＥＣＣ,気象情報伝送処理システムの借用(リース)及び保守,140000000,随意契約,-
46,B.,3,7010001064648,ＮＴＴコミュニケーションズ(株),電信回線専用料,174000000,随意契約,-
46,B.,4,6010401015821,東京センチュリー(株),気象データ交換システムの借用(リース)及び運用支援・保守,96000000,随意契約,-
46,B.,5,9340005000671,鹿児島県無線(漁協),電信回線専用料,83000000,随意契約,-
46,B.,6,1020001071491,富士通(株),気象情報伝送処理システム(西日本)更新に伴う東日本システム設定変更等,50000000,随意契約,-
46,B.,6,1020001071491,富士通(株),気象情報伝送処理システム基本業務サーバ機能強化ソフトウェア等保守,4000000,随意契約,-
46,B.,7,9011101031552,ＫＤＤＩ(株),電信回線専用料,38000000,随意契約,-
46,B.,8,8010401005011,ＮＴＴファイナンス(株),突風等短時間予測システム借用(リース)及び保守,37000000,随意契約,-
46,B.,9,,ＩＮＴＥＲＯＵＴＥＣＯＭＭＵＮＩＣＡＴＩＯＮ,電信回線専用料,17000000,随意契約,-
46,B.,10,6010001011147,(株)インターネットイニシアティブ,WIS通信サービスの提供,15000000,随意契約,-
46,C.,1,8000012100004,札幌管区気象台,大阪管区気象台空調設備保守点検作業,997000,随意契約,-
46,C.,1,8000012100004,札幌管区気象台,USB延長ケーブル他4品目購入,758000,随意契約,-
46,C.,1,8000012100004,札幌管区気象台,大阪管区気象台気象情報伝送処理システムクライアントPC等の撤去等,12000000,随意契約,-
46,C.,1,8000012100004,札幌管区気象台,気象情報伝送処理システム(西日本アデス)の統合管理クライアント移設等,719000,随意契約,-
46,C.,2,,気象研究所,電信回線専用料,406000,随意契約,-
46,C.,2,,気象研究所,電信回線専用料,4000000,随意契約,-
46,C.,2,,気象研究所,電信回線専用料,200000,随意契約,-
46,C.,3,,福岡管区気象台,気象情報伝送処理システム用クライアントシステム等輸送(福岡及び佐賀)等,3000000,随意契約,-
46,C.,3,,福岡管区気象台,気象情報伝送処理システム用クライアントシステム等輸送(熊本・鹿児島),366000,随意契約,-
46,C.,3,,福岡管区気象台,気象情報伝送処理システム用クライアントシステム等撤去(福岡),324000,随意契約,-
46,C.,3,,福岡管区気象台,気象情報伝送処理システム用クライアントシステム等撤去(熊本),304000,随意契約,-
46,C.,4,,沖縄気象台,気象情報伝送処理システム・クライアントシステム等の梱包及び輸送,524000,随意契約,-
46,C.,4,,沖縄気象台,気象情報伝送処理システム・クライアントシステム等の撤去,537000,随意契約,-
46,C.,4,,沖縄気象台,気象情報伝送処理システム・クライアントシステム等の梱包及び輸送等,2000000,随意契約,-
46,C.,4,,沖縄気象台,気象情報伝送処理システム・クライアントシステム等の撤去,359000,随意契約,-
46,C.,5,,仙台管区気象台,仙台管区気象台空調機点検,338000,随意契約,-
46,C.,6,8000012100004,札幌管区気象台,予報作業支援システム用ディスプレイ購入,11000,随意契約,-
46,C.,6,8000012100004,札幌管区気象台,予報作業支援システム用プリンター購入,11000,随意契約,-
46,C.,6,8000012100004,札幌管区気象台,札幌管区気象台空調設備点検調整,26000,随意契約,-
46,D.,1,7010001064648,ＮＴＴコミュニケーションズ(株),電信回線専用料,4000000,随意契約,-
46,D.,2,,田内電気(株),大阪管区気象台ケーブル敷設等,464000,随意契約,-
46,D.,2,,田内電気(株),大阪管区気象台気象情報伝送処理システムクライアントPC等の撤去,669000,随意契約,-
46,D.,2,,田内電気(株),気象情報伝送処理システム及び気象コンテンツ作成装置等の取り外し,642000,随意契約,-
46,D.,3,,日建電設(株),気象情報伝送処理システム用クライアントシステム等撤去(熊本),304000,随意契約,-
46,D.,3,,日建電設(株),気象情報伝送処理システム用クライアントシステム等撤去(福岡),324000,随意契約,-
46,D.,3,,日建電設(株),気象情報伝送処理システム用収容ラック取付(熊本)等,267000,随意契約,-
46,D.,3,,日建電設(株),気象情報伝送処理システム用クライアントシステム等撤去(鹿児島),287000,随意契約,-
46,D.,4,5120001086344,南海ビルサービス(株),大阪管区気象台空調設備保守点検作業,997000,随意契約,-
46,D.,5,,(有)東部建設,奈良地方気象台気象情報伝送処理システムクライアントPC等の撤去,432000,随意契約,-
46,D.,5,,(有)東部建設,奈良地方気象台気象情報伝送処理システムネットワークラック取付等,399000,随意契約,-
46,D.,6,,沖縄日通エアカーゴサービス,気象情報伝送処理システム・クライアントシステム等の梱包及び輸送,524000,随意契約,-
46,D.,6,,沖縄日通エアカーゴサービス,気象情報伝送処理システム・クライアントシステム等の梱包及び輸送,249000,随意契約,-
46,D.,7,,椿本商事(株),USB延長ケーブル他4品目購入,758000,随意契約,-
46,D.,8,1020001071491,富士通(株),気象情報伝送処理システム(西日本アデス)の統合管理クライアント移設等,719000,随意契約,-
46,D.,9,,(株)興建設,気象情報伝送処理システム・クライアントシステム等の撤去,537000,随意契約,-
46,D.,9,,(株)興建設,気象情報伝送処理システムネットワークラック取付作業ほか,137000,随意契約,-
46,D.,10,,(株)サカイ引越センター,気象情報伝送処理システム用クライアントシステム等輸送(下関),218000,随意契約,-
46,D.,10,,(株)サカイ引越センター,気象情報伝送処理システム用クライアントシステム等輸送(宮崎),218000,随意契約,-
46,D.,10,,(株)サカイ引越センター,気象情報伝送処理システム用クライアントシステム等輸送(長崎),218000,随意契約,-
47,A.,1,6010401015821,東京センチュリー(株),政府共通プラットフォームの整備に係る機器・ソフトウェアの賃貸借(平成25年度・増設対応)【一般競争】【国庫債務負担行為】,595000000,1,99.9
47,A.,1,6010401015821,東京センチュリー(株),政府共通プラットフォームの整備に係る機器・ソフトウエアの賃貸借【変更契約H26.4】,31000000,変更契約,-
47,A.,1,6010401015821,東京センチュリー(株),政府共通プラットフォームの整備に係る機器・ソフトウェアの賃貸借(平成25年度・増設対応)【変更契約H26.4】,17000000,変更契約,-
47,A.,1,6010401015821,東京センチュリー(株),政府共通プラットフォームの整備に係る機器・ソフトウエアの賃貸借【一般競争】【国庫債務負担行為】,1051000000,1,97.4
47,A.,1,6010401015821,東京センチュリー(株),電子文書交換システム及び電子掲示板システムの機器等の借入【一般競争(総合評価)】【国庫債務負担行為】,75000000,1,93.5
47,A.,1,6010401015821,東京センチュリー(株),電子文書交換システム及び電子掲示板システムの追加機器等の借入【公募随契】【国庫債務負担行為】,2000000,公募随契,-
47,A.,1,6010401015821,東京センチュリー(株),政府共通プラットフォームの整備に係る機器・ソフトウェア賃貸借の調達(平成26年度後半～平成27年度前半移行対象システム用等)【一般競争入札】【国庫債務負担行為】,178000000,1,93.3
47,A.,2,9010601021385,(株)ＮＴＴデータ,政府共通プラットフォームの整備に係る施設・設備賃貸借の調達【一般競争入札】【国庫債務負担行為】,275000000,1,86.9
47,A.,2,9010601021385,(株)ＮＴＴデータ,政府共通プラットフォームの整備に係る施設・設備賃貸借の調達(平成26年度)【一般競争入札】【国庫債務負担行為】,79000000,1,94.7
47,A.,2,9010601021385,(株)ＮＴＴデータ,政府共通プラットフォームの整備に係る施設・設備賃貸借の調達【変更契約H26.4】,8000000,変更契約,-
47,A.,2,9010601021385,(株)ＮＴＴデータ,政府共通プラットフォームの整備に係る施設・設備賃貸借の調達【一般競争入札】【国庫債務負担行為】,193000000,1,99.5
47,A.,2,9010601021385,(株)ＮＴＴデータ,職員等利用者認証業務の業務・システム最適化に係る機器等の借入(変更契約),58000000,変更契約,-
47,A.,2,9010601021385,(株)ＮＴＴデータ,職員等利用者認証業務の業務・システム最適化に係る増設機器等の借入(変更契約),13000000,変更契約,-
47,A.,2,9010601021385,(株)ＮＴＴデータ,政府共通プラットフォームの整備に係る施設・設備賃貸借の調達【変更契約H26.4】,8000000,変更契約,-
47,A.,2,9010601021385,(株)ＮＴＴデータ,政府共通プラットフォーム認証サービスに係るソフトウェア等賃貸借の調達【一般競争入札】【国庫債務負担行為】,124000000,1,99.5
47,A.,3,8010401021784,ＮＥＣキャピタルソリューション(株),新たな暗号アルゴリズムに対応した政府認証基盤の機器等の借入【随意契約(公募)】【国庫債務負担行為】,538000000,公募随契,-
47,A.,3,8010401021784,ＮＥＣキャピタルソリューション(株),暗号アルゴリズム移行に係る政府認証基盤の検証環境の機能拡充のための機器等の借入【随意契約(公募)】【国庫債務負担行為】,77000000,公募随契,-
47,A.,4,2010001010788,伊藤忠テクノソリューションズ(株),共同利用システム基盤の機器等の借入(人給1)【契約変更+契約変更】,19000000,変更契約,-
47,A.,4,2010001010788,伊藤忠テクノソリューションズ(株),共同利用システム基盤の機器等の借入(文書4)【一般競争】【国庫債務負担行為】,10000000,公募随契,-
47,A.,4,2010001010788,伊藤忠テクノソリューションズ(株),共同利用システム基盤の機器等の借入(人給2、文書3、共通)【一般競争+契約変更】【国庫債務負担行為】,9000000,変更契約,-
47,A.,4,2010001010788,伊藤忠テクノソリューションズ(株),共同利用システム基盤の機器等の借入(文書2、e-Gov)【契約変更】【国庫債務負担行為】,4000000,変更契約,-
47,A.,4,2010001010788,伊藤忠テクノソリューションズ(株),共同利用システム基盤の機器等の借入(GIMA、文書1、共通)【契約変更】,39000000,随契契約,-
47,A.,4,2010001010788,伊藤忠テクノソリューションズ(株),共同利用システム基盤の機器等の借入(GIMA、文書1、共通)【随意契約】【国庫債務負担行為】,6000000,変更契約,-
47,A.,4,2010001010788,伊藤忠テクノソリューションズ(株),共同利用システム基盤の機器等の借入(文書2、e-Gov)【契約変更】【国庫債務負担行為】,53000000,変更契約,-
47,A.,4,2010001010788,伊藤忠テクノソリューションズ(株),共同利用システム基盤の機器等の借入(文書4)【契約変更】,37000000,1,99.2
47,A.,4,2010001010788,伊藤忠テクノソリューションズ(株),共同利用システム基盤の機器等の借入(人給2、文書3、共通)【一般競争+契約変更】【国庫債務負担行為】,31000000,1,96.8
47,A.,5,,セコムトラストシステムズ(株),共同利用システム基盤の施設・設備の借入【随意契約】,202000000,随契契約,-
47,A.,6,9010005005761,(一社)行政情報システム研究所,政府共通ネットワークに係る増設機器等の借入【公募随契】【国庫債務負担行為】,87000000,公募随契,-
47,A.,6,9010005005761,(一社)行政情報システム研究所,政府共通ネットワークに係る増設機器等の借入【公募随契】【国庫債務負担行為】,11000000,公募随契,-
47,A.,6,9010005005761,(一社)行政情報システム研究所,政府共通ネットワークに係る増設機器等の借入【公募随契】【国庫債務負担行為】,64000000,公募随契,-
47,A.,7,7010401006126,沖電気工業(株),回線、機器等の借入及び保守等,145000000,-,-
47,B.,1,7010401006126,沖電気工業(株),回線、機器等の借入及び保守等,145000000,-,-
47,C.,1,9010601021385,(株)ＮＴＴデータ,政府共通プラットフォーム認証サービスに係る設計・構築作業等の調達【一般競争】,180000000,1,99.9
47,C.,1,9010601021385,(株)ＮＴＴデータ,政府共通プラットフォーム認証サービスに係る設計・構築作業等の調達【一般競争】【変更契約H26.4】,5000000,変更契約,-
47,C.,2,9010005005761,(一社)行政情報システム研究所,情報提供ネットワークシステムへの対応に係る政府認証基盤の改修の請負【公募随契】,86000000,公募随契,-
47,C.,3,6010601024969,富士通エフ・アイ・ピー(株),電子文書交換システム及び電子掲示板システムの移行作業等の請負【公募随契】,47000000,公募随契,-
47,C.,4,7010001064648,ＮＴＴコミュニケーションズ(株),国家公務員ICカード身分証府省間データ交換サーバシステムの失効リスト管理機能改修作業,1000000,1,100
47,C.,5,3180005006071,(大)名古屋大学,法制執務業務支援システム(e-LAWS)の技術支援の請負【少額随契】,1000000,少額随契,-
47,D.,1,7010401022916,日本電気(株),設計・開発業務,62532000,-,-
47,D.,2,7010001008844,(株)日立製作所,設計・開発業務,6912000,-,-
47,D.,3,,セコムトラストシステムズ(株),設計・開発業務,1518000,-,-
47,E.,1,9010601021385,(株)ＮＴＴデータ,職員等利用者認証業務の業務・システム最適化に係る運用の請負(変更契約),38000000,変更契約,-
47,E.,1,9010601021385,(株)ＮＴＴデータ,職員等利用者認証業務の業務・システム最適化に係るヘルプデスク業務の請負(変更契約)【増税対応】,1000000,変更契約,-
47,E.,1,9010601021385,(株)ＮＴＴデータ,職員等利用者認証業務の業務・システム最適化に係るヘルプデスク業務の請負(変更契約),8000000,変更契約,-
47,E.,1,9010601021385,(株)ＮＴＴデータ,政府共通プラットフォームの運用・移行支援作業等の請負【一般競争】【国庫債務負担行為】,522000000,1,99.9
47,E.,1,9010601021385,(株)ＮＴＴデータ,政府共通プラットフォームの運用・移行支援作業等の請負【変更契約H26.4】,250000000,変更契約,-
47,E.,1,9010601021385,(株)ＮＴＴデータ,政府共通プラットフォームの移行支援作業及び環境維持管理作業等の請負【一般競争】【国庫債務負担行為】,482000000,1,100.6
47,E.,1,9010601021385,(株)ＮＴＴデータ,政府共通プラットフォームの運用・移行支援作業等の請負【変更契約H26.12】,50000000,変更契約,-
47,E.,1,9010601021385,(株)ＮＴＴデータ,政府共通プラットフォーム職員認証サービスに係る運用業務等の請負,67000000,1,100
47,E.,1,9010601021385,(株)ＮＴＴデータ,職員等利用者認証業務の業務・システム最適化に係る運用の請負(変更契約)【増税対応】,1000000,変更契約,-
47,E.,2,9010005005761,(一社)行政情報システム研究所,政府共通ネットワークの運用の請負【公募随契】【国庫債務負担行為】,1144000000,公募随契,-
47,E.,3,,3社協業((一社)行政情報システム研究所、日本電気(株)、セコムトラストシステムズ(株)),政府認証基盤の運用・保守【一般競争入札】【国庫債務負担行為】,833000000,1,99.9
47,E.,4,2010001010788,伊藤忠テクノソリューションズ(株),共同利用システム基盤の運用【公募随契】【国庫債務負担行為】,153000000,公募随契,-
47,E.,5,1020001071491,富士通(株),電子文書交換システム及び電子掲示板システムの運用の請負【一般競争(総合評価)】【国庫債務負担行為】,78000000,1,99.4
47,E.,6,7010001064648,ＮＴＴコミュニケーションズ(株),政府共通プラットフォームの整備に係る回線賃貸借の調達,36000000,1,48.4
47,E.,6,7010001064648,ＮＴＴコミュニケーションズ(株),国家公務員ICカード身分証府省間データ交換サーバシステムの更改作業、機器等の借入及び運用・保守業務の請負【一般競争入札】【国庫債務負担行為】,22000000,1,83.5
47,E.,6,7010001064648,ＮＴＴコミュニケーションズ(株),国家公務員ICカード身分証府省間データ交換サーバシステムの更改作業、機器等の借入及び運用・保守業務の請負【一般競争入札】【国庫債務負担行為】,9000000,3,74.9
47,E.,7,,(株)コア,共同利用システム基盤の運用管理支援業務【公募随契】,36000000,公募随契,-
47,E.,8,,三菱倉庫(株),共同利用システム基盤の電磁的記録媒体の外部運搬・保管業務請負【一般競争】,1000000,2,100
47,F.,1,7010401006126,沖電気工業(株),政府共通ネットワークの運用・監視等,1025000000,-,-
47,F.,2,1020001071491,富士通(株),監視・運用業務、移行支援、環境維持管理,111000000,-,-
47,F.,2,1020001071491,富士通(株),監視・運用業務、移行支援、環境維持管理,16000000,-,-
47,F.,2,1020001071491,富士通(株),監視・運用業務、移行支援、環境維持管理,9000000,-,-
47,F.,2,1020001071491,富士通(株),監視・運用業務、移行支援、環境維持管理,18000000,-,-
47,F.,3,7010001008844,(株)日立製作所,・証明書検証システムの運用・保守・証明書検証システムのバックアップ、アーカイブ作業・官職証明書等の発行作業(ICカードに格納する作業)・障害発生時の初期対応作業及び保守対応作業,105000000,-,-
47,F.,4,,シーティーシー・システムオペレーションズ(株),監視・運用,103000000,-,-
47,F.,5,,富士通システムズ・ウエスト(株),運用・保守要員の管理、研修の企画及び実施等,48000000,-,-
47,F.,6,7010401022916,日本電気(株),監視・運用業務、移行支援、環境維持管理,18000000,-,-
47,F.,6,7010401022916,日本電気(株),監視・運用業務、移行支援、環境維持管理,9000000,-,-
47,F.,6,7010401022916,日本電気(株),監視・運用業務、移行支援、環境維持管理,9000000,-,-
47,F.,6,7010401022916,日本電気(株),監視・運用業務、移行支援、環境維持管理,4000000,-,-
47,F.,7,,シーティーシー・テクノロジー(株),運用統括,26000000,-,-
47,F.,8,,ＩＳＴソフトウェア(株),電子文書交換システム及び電子掲示板システムの運用・保守等,19000000,-,-
47,F.,9,,(株)ギガ,運用支援業務の一部,15000000,-,-
47,F.,10,2010601032678,(株)ＮＴＴデータＳＭＳ,技術支援業務,4000000,-,-
47,F.,10,2010601032678,(株)ＮＴＴデータＳＭＳ,技術支援業務,1000000,-,-
47,F.,10,2010601032678,(株)ＮＴＴデータＳＭＳ,運用業務,9000000,-,-
47,G.,1,5010405001703,有限責任監査法人トーマツ,監査経費,26000000,1,95.9
47,G.,2,,有限責任あづさ監査法人,政府認証基盤の監査等【一般競争入札】,10000000,4,79
47,H.,1,,日比谷総合設備特定建設工事共同企業体,庁舎改修工事(施工)(変更契約),47000000,変更契約,-
47,H.,1,,日比谷総合設備特定建設工事共同企業体,庁舎改修工事(施工)(当初契約),1357000000,1,99.5
47,H.,2,7010001088960,デロイトトーマツコンサルティング(合),政府内ネットワークの統廃合・共通化方針立案の業務支援等の請負【企画競争】,97000000,2,100
47,H.,3,3010401005008,(株)ＮＴＴファシリティーズ,庁舎改修工事(設計)(変更契約),5000000,変更契約,-
47,H.,3,3010401005008,(株)ＮＴＴファシリティーズ,第2期設計,21000000,2,75.9
47,H.,3,3010401005008,(株)ＮＴＴファシリティーズ,庁舎改修工事(設計)(当初契約),47000000,1,75.9
47,H.,4,,(株)村上設計,庁舎改修計画策定設計業務,145000000,1,82.3
47,H.,5,8010001036398,(株)秋山商会,タブレット端末等の購入,1000000,少額随契,-
47,H.,5,8010001036398,(株)秋山商会,政府共通プラットフォームの整備に係る情報記憶媒体(LTO)の調達(H26),6000000,2,72.9
47,H.,5,8010001036398,(株)秋山商会,備品等の調達(仙台)2,1000000,少額随契,-
47,H.,5,8010001036398,(株)秋山商会,備品等の調達(大阪)3,4000000,2,97.8
47,H.,5,8010001036398,(株)秋山商会,備品等の調達(仙台)1,3000000,3,95.1
47,H.,6,,(株)安井建築設計事務所,監理業務(大阪),13000000,1,97.5
47,H.,7,2000012100001,大阪航空局,国有財産使用料,12000000,-,-
47,H.,8,7010401022916,日本電気(株),機器・ソフトウェアの保守作業等に係る請負,4000000,公募随契,-
47,H.,8,7010401022916,日本電気(株),拠点間接続用回線の提供の請負(平成25年度敷設回線の継続提供),4000000,公募随契,-
47,H.,9,,(株)ＣＲＥＡＴＩＯＮ,西日本拠点②設計業務,3000000,8,92.3
47,H.,10,6011001035920,セコム(株),遠隔監視等保守(2号館),2000000,公募随契,-
47,H.,11,8010001144647,ＫＰＭＧコンサルティング(株),工程管理,2000000,1,58.1
47,I.,1,,シスコシステムズ(同),ネットワーク技術の調査等に関する支援,15000000,-,-
48,A.,1,1010001128061,日本アイ・ビー・エム(株),総務省LANシステムプリンタ更改に伴う総合無線局監理システムの帳票印刷に係る改修等の請負,35000000,随意契約（公募）,-
48,A.,1,1010001128061,日本アイ・ビー・エム(株),PARTNER専用端末及びネットワーク設定の変更に係る作業の請負,12000000,随意契約（公募）,-
48,A.,1,1010001128061,日本アイ・ビー・エム(株),PARTNERシステムにおけるテレワーク実施に向けた検証作業の請負,13000000,随意契約（公募）,-
48,A.,1,1010001128061,日本アイ・ビー・エム(株),総合無線局監理システム基幹系機能拡充設計・開発等の請負【国庫債】,593000000,国庫債務,-
48,A.,1,1010001128061,日本アイ・ビー・エム(株),総合無線局監理システム用コンピュータ機器の借入及び移行作業の請負【国庫債】,4808000000,国庫債務,-
48,A.,1,1010001128061,日本アイ・ビー・エム(株),総合無線局監理システム用コンピュータ機器(シンクライアントサーバ等)の借入れ【国庫債】,457000000,国庫債務,-
48,A.,1,1010001128061,日本アイ・ビー・エム(株),総合無線局監理システム基幹系機能拡充設計・開発等の請負,1075000000,1,99.64947421
48,A.,1,1010001128061,日本アイ・ビー・エム(株),総合無線局監理システムの運用技術支援等の請負【国庫債】,477000000,国庫債務,-
48,B.,1,7010401022916,日本電気(株),総合無線局監理システム情報系機能拡充設計・開発等の請負【国庫債】,252000000,国庫債務,-
48,B.,1,7010401022916,日本電気(株),総合無線局監理システム情報系機能拡充設計・開発等の請負,480000000,1,99.87939987
48,C.,1,6010001030403,(株)三菱総合研究所,総合無線局監理システムにおける設計・開発・運用等業務に係るプロジェクト・マネジメント支援等業務の請負【国庫債】,140000000,国庫債務,-
48,D.,1,3120001079845,さくらインターネット(株),総合無線局監理システムのプライマリセンターの電気料金の支払い,30000000,随意契約,-
48,D.,1,3120001079845,さくらインターネット(株),総合無線局監理システムのプライマリセンターの借入れ【国庫債】,94000000,国庫債務,-
48,E.,1,9010601021385,(株)ＮＴＴデータ,総合無線局監理システムのバックアップセンターの電気料金の支払い,27000000,随意契約,-
48,E.,1,9010601021385,(株)ＮＴＴデータ,総合無線局監理システムのバックアップセンターの借入れ【国庫債】,32000000,国庫債務,-
48,F.,1,6010001011147,(株)インターネットイニシアティブ,データ通信用回線(プライマリセンター)等提供の請負,800000,随意契約（少額）,-
48,F.,1,6010001011147,(株)インターネットイニシアティブ,新広域LAN接続サービス等(主回線)提供の請負【国庫債】,41000000,国庫債務,-
48,F.,1,6010001011147,(株)インターネットイニシアティブ,インターネット接続サービス(主回線)等提供の請負,14000000,随意契約（公募）,-
48,F.,1,6010001011147,(株)インターネットイニシアティブ,データ通信用回線(オペレーションセンター)等提供の請負,700000,随意契約（少額）,-
48,G.,1,5020001016039,マンパワーグループ(株),地方総合通信局及び沖縄総合通信事務所等における無線局諸元整理等作業の請負,45000000,1,99.6362234
48,H.,1,4010401041588,日本ビジネスシステムズ(株),新広域LAN接続サービス等(副回線)提供の請負【国庫債】,26000000,国庫債務,-
48,H.,1,4010401041588,日本ビジネスシステムズ(株),インターネット接続サービス(副回線)等の提供の請負,12000000,随意契約（公募）,-
48,H.,1,4010401041588,日本ビジネスシステムズ(株),総合無線局監理システムに係る消耗品,500000,随意契約（少額）,-
48,H.,1,4010401041588,日本ビジネスシステムズ(株),送料受取人払システム用回線提供の請負,3000000,随意契約（公募）,-
48,I.,1,8011101022577,(株)理経,総合無線局監理システムのオペレーションセンターの借入れ【国庫債】,22000000,国庫債務,-
48,I.,1,8011101022577,(株)理経,総合無線局監理システムのオペレーションセンターの電気料金の支払い,2000000,随意契約,-
48,J.,1,6010001062000,(株)日本経済社,「総務省電波利用電子申請・届出システム」に係る普及促進活動の支援業務の請負,15000000,随意契約（公募）,-
48,J.,1,6010001062000,(株)日本経済社,「総務省電波利用電子申請・届出システムLite」動画解説素材作成の請負,2000000,随意契約（公募）,-
48,K.,1,,(株)ＩＳＴソフトウエア,総合無線局監理システムの外部評価業務の請負,12000000,2,100
48,L.,1,7010001064648,ＮＴＴコミュニケーションズ(株),総合無線局監理システムのネットワークに係る電話料金の支払い,3000000,随意契約,-
48,L.,1,7010001064648,ＮＴＴコミュニケーションズ(株),新マルチペイメントネットワークシステム接続用主回線等提供の請負【国庫債】,3000000,国庫債務,-
48,L.,1,7010001064648,ＮＴＴコミュニケーションズ(株),新マルチペイメントネットワークシステム接続用副回線等提供の請負【国庫債】,3000000,国庫債務,-
48,M.,1,2010801012579,(株)リコー,複写機保守業務の請負,100000,随意契約（少額）,-
48,M.,1,2010801012579,(株)リコー,複写機の借入,20000,随意契約（少額）,-
48,M.,1,2010801012579,(株)リコー,複写機・プリンタ用消耗品,5000000,随意契約（公募）,-
48,N.,1,3010005022218,地方公共団体情報システム機構,公的個人認証サービス情報提供手数料,4000000,随意契約,-
48,O.,1,5110001000181,(株)ＩＴスクエア,総合無線局監理システムのシステム監査の請負,2000000,3,45.39901013
48,P.,1,5290801002046,(株)ゼンリン,総合無線局監理システム地図データの複製利用許諾に係る調達,1000000,随意契約,-
48,Q.,1,4010401005007,(株)ＮＴＴピー・シーコミュニケーションズ,総合無線局監理システムに係る収納情報連絡用オンライン通信回線の借入,1000000,1,100
48,R.,1,8011101028104,東日本電信電話(株),プライマリセンター用データ通信用回線等提供の請負,400000,随意契約（少額）,-
48,R.,1,8011101028104,東日本電信電話(株),オペレーションセンター用データ通信用回線等提供の請負,800000,随意契約（少額）,-
48,S.,1,,(株)まこと印刷,「総務省電波利用電子申請届出システムLite」操作説明書,900000,随意契約（少額）,-
48,T.,1,1020001071491,富士通(株),「総務省電波利用電子申請・届出システム」に関わるデモ用高速データ通信サービス提供の請負,700000,随意契約,-
48,U.,1,4010401050341,トッパン・フォームズ(株),「総務省電波利用電子申請・届出システムLite」ID送付用操作解説書の調達,100000,随意契約（少額）,-
48,V.,1,,(財)地方自治情報センター,全国町・字ファイルに係る経費の支出,300000,随意契約,-
48,W.,1,1010001067912,(株)ＮＴＴドコモ,総合無線局監理システム運用緊急連絡用携帯電話の利用料金の支払,200000,随意契約（少額）,-
48,X.,1,,(株)ドコモＣＳ,総合無線局監理システム運用緊急連絡用携帯電話の購入,100000,随意契約（少額）,-
48,Y.,1,7120001077523,西日本電信電話(株),バックアップセンター電話代,70000,随意契約,-
49,A.,1,1020001071491,富士通(株),システム運用業務,291000000,1,-
49,B.,1,1020001071491,富士通(株),システム保守業務,226000000,1,-
49,C.,1,1020001071491,富士通(株),システム改修業務,225000000,1,-
49,D.,1,6010401015821,東京センチュリー(株),サーバ機器借料(国庫債務負担行為・平成24年度入札),761000000,1,-
49,E.,1,5110001000181,(株)ＩＴスクエア,セキュリティ監査業務,1000000,2,-
49,F.,1,5011101040706,トライコーン(株),メールマガジン配信,600000,随意契約,-
49,G.,1,,日本マルチペイメントネットワーク運営機構,情報利用,0,随意契約,-
50,A.,1,9010001045803,新日鉄住金ソリューションズ(株),総務省ネットワーク基盤(LAN)の構築等の請負,1397000000,2,94
50,B.,1,,センチュリーリース他,サーバ機器の借入・保守等,914000000,-,-
50,C.,1,,富士通マーケティング他,機器保守等,666000000,-,-
50,D.,1,6010401015821,東京センチュリー(株),カラーインクジェットプリンタの借入,1000000,1（随契）,100
50,D.,1,6010401015821,東京センチュリー(株),LAN端末の借入,143000000,2,87
50,D.,1,6010401015821,東京センチュリー(株),カラーレーザープリンタ82台ほか1点の借入,6000000,1（随契）,100
50,D.,1,6010401015821,東京センチュリー(株),モノクロレーザープリンタの借入,0,1（随契）,-
50,D.,2,9010001142187,昭和リース(株),LAN端末の借入,111000000,2,98
50,D.,3,8010601024653,ユニアデックス(株),LAN端末の借入,70000000,1（随契）,-
50,D.,4,2010801012579,(株)リコー,ネットワークプリンタ(管区行政評価局等)の保守,0,1（随契）,-
50,D.,4,2010801012579,(株)リコー,LAN複合機等の借入及び保守Ⅱ(地方支分部局分),24000000,3,89.6
50,D.,4,2010801012579,(株)リコー,検証用LAN複合機等(地方支分部局分向け)の借入及び保守,0,1（随契）,-
50,D.,5,6010401024970,日立キャピタル(株),遠隔監視システムの借入,3000000,3,98.4
50,D.,6,7010601037788,リコーリース(株),カラーインクジェットプリンタ等の借入,1000000,1（随契）,-
50,D.,6,7010601037788,リコーリース(株),レーザープリンタの借入,1000000,1（随契）,-
50,D.,7,2010001033475,(株)ＪＥＣＣ,カラーレーザープリンタ他の借入,1000000,1（随契）,-
50,D.,8,3010401026805,富士ゼロックス(株),LAN複合機等の借入及び保守Ⅰ(本省分),0,3,32.1
50,D.,8,3010401026805,富士ゼロックス(株),予算編成期におけるLAN複合機(本省分)の特別保守,0,1（随契）,-
50,E.,1,8010701022466,ＪＡ三井リース(株),総務省LAN端末用ソフトウェアの借入,66000000,9,99.9
50,E.,2,2010001033475,(株)ＪＥＣＣ,総務省LAN端末用ソフトウェアの借入,58000000,5,93.9
50,E.,3,6010401015821,東京センチュリー(株),総務省LAN端末用ソフトウェアの借入,57000000,10,93.2
50,E.,4,,東芝情報機器(株),総務省LAN端末用ソフトウェアの借入,22000000,6,89.9
50,F.,1,9010001045803,新日鉄住金ソリューションズ(株),関東総合通信局における無線LANアクセスポイント設置に係る作業等の請負,1000000,1（随契）,-
50,F.,1,9010001045803,新日鉄住金ソリューションズ(株),総務省LANにおけるモバイルデバイス管理機能等の追加に係る作業等の請負,6000000,1（随契）,100
50,F.,1,9010001045803,新日鉄住金ソリューションズ(株),総務省LANにおけるファイル共有サーバのマルウェア検出システム追加に係る作業等の請負,11000000,1（随契）,100
50,F.,1,9010001045803,新日鉄住金ソリューションズ(株),内閣人事局発足に伴う総務省LANのデータ移行等に係る作業の請負,1000000,1（随契）,-
50,F.,1,9010001045803,新日鉄住金ソリューションズ(株),行政管理局宮城分室発足に伴う総務省LAN利用環境の構築に係る作業等の請負,7000000,1（随契）,100
50,F.,1,9010001045803,新日鉄住金ソリューションズ(株),総務省LANにおけるリモートアクセス環境を利用したシンクライアントの増設に係る作業等の請負,4000000,1（随契）,100
50,F.,1,9010001045803,新日鉄住金ソリューションズ(株),総務省LANにおける不正通信ブロックの自動化に係る機能改修等の請負,2000000,1（随契）,100
50,F.,1,9010001045803,新日鉄住金ソリューションズ(株),総務省LANにおけるログ収集・解析機能強化に係る作業等の請負,15000000,1（随契）,99.9
50,F.,1,9010001045803,新日鉄住金ソリューションズ(株),総務省LANにおける管理者権限のアクセス制御機能追加に係る作業等の請負,4000000,1（随契）,100
50,F.,1,9010001045803,新日鉄住金ソリューションズ(株),総務省LANにおける情報管理対策の強化に係る作業等の請負,39000000,1（随契）,100
50,F.,1,9010001045803,新日鉄住金ソリューションズ(株),総務省LANにおけるペーパーレス会議システムの機能拡張に係る作業等の請負,10000000,1（随契）,100
50,F.,1,9010001045803,新日鉄住金ソリューションズ(株),行政管理局執務室における無線LAN利用環境拡張に係る作業等の請負,1000000,1（随契）,-
50,F.,1,9010001045803,新日鉄住金ソリューションズ(株),総務省LANにおけるふるまい検知型マルウェア対策機能の強化に係る作業等の請負,13000000,1（随契）,100
50,F.,1,9010001045803,新日鉄住金ソリューションズ(株),総務省LANにおける情報の不正出力防止に係る作業等の請負,65000000,1（随契）,100
50,F.,1,9010001045803,新日鉄住金ソリューションズ(株),総務省LANにおけるプリントサーバへの機能追加に係る作業等の請負,58000000,1（随契）,100
50,F.,1,9010001045803,新日鉄住金ソリューションズ(株),内閣人事局の発足に伴う総務省LAN利用環境の構築に係る作業等の請負,12000000,1（随契）,100
50,F.,1,9010001045803,新日鉄住金ソリューションズ(株),総務省LANにおけるコミュニケーションサービス機能拡張に係る作業等の請負,67000000,1（随契）,100
50,F.,2,7010701007922,ネットワンシステムズ(株),次期総務省LANのあり方に関する調査研究作業の請負,27000000,1,69.4
50,G.,1,9010001045803,新日鉄住金ソリューションズ(株),熊本行政評価事務所の庁舎移転に伴うWAN回線の移設作業の請負,1000000,1（随契）,-
50,G.,1,9010001045803,新日鉄住金ソリューションズ(株),年金記録確認中央第三者委員会のLAN機器移設に伴うWAN回線の移設作業の請負,1000000,1（随契）,-
50,G.,1,9010001045803,新日鉄住金ソリューションズ(株),中国総合通信局のサーバ室移転に伴うWAN回線の移設作業の請負,1000000,1（随契）,-
50,G.,1,9010001045803,新日鉄住金ソリューションズ(株),LAN複合機等の更改に伴うLANケーブル敷設等の作業の請負,1000000,1（随契）,-
50,G.,1,9010001045803,新日鉄住金ソリューションズ(株),新潟行政評価事務所の庁舎移転に伴うWAN回線の移設作業の請負,1000000,1（随契）,-
50,G.,2,7010001064648,ＮＴＴコミュニケーションズ(株),インターネット接続用独立回線(インターネット接続サービス)について,1000000,1（随契）,-
50,G.,3,,インターネットイニシアティブ,移動通信網を利用したインターネット接続サービス等の請負,1000000,1（随契）,-
50,G.,4,8011101028104,東日本電信電話(株),インターネット接続用独立回線(通信回線)について,1000000,1（随契）,-
50,G.,5,,日本通信ネットワーク,住民基本台帳法に基づく本人確認情報の提供を受けるために必要となる外部接続用回線接続サービス提供の請負,0,1（随契）,-
50,G.,6,,ドコモ,総務省LANにおいて外部接続システム環境を利用するためのWiFiルータ通信費の支払について,0,1（随契）,-
50,G.,7,3010005022218,地方公共団体情報システム機構,住民基本台帳法に基づく本人確認情報の提供に関する契約の締結,0,1（随契）,-
50,H.,1,3010401026805,富士ゼロックス(株),プロジェクタの購入,1000000,1（随契）,-
50,H.,2,9010001045803,新日鉄住金ソリューションズ(株),業務システム接続用ファイアウォールの購入,1000000,1（随契）,-
50,H.,2,9010001045803,新日鉄住金ソリューションズ(株),ペーパーレス会議用外付ディスプレイの購入,0,1（随契）,-
51,A.,1,,横浜地方法務局,登記情報提供システムを運用管理するために必要な経費,6000000,-,-
51,B.,1,8180001057568,(株)ルート・ワン,登記情報センター室横浜分室の警備業務の委託,6000000,4,0.795
51,C.,1,6010401015821,東京センチュリー(株),登記情報提供システム機器等の賃借等,820000000,1,0.998
51,C.,2,1020001071491,富士通(株),登記情報提供システムのアプリケーション保守業務の委託,294000000,1,0.992
51,C.,3,6010001011147,(株)インターネットイニシアティブ,登記情報提供システムインターネット接続サービスの調達,44000000,随意契約,-
51,C.,4,,(株)セック,登記情報提供システムの機能追加開発業務の委託,18000000,3,0.853
51,C.,5,6010601024969,富士通エフ・アイ・ピー(株),登記情報提供システム用不正進入防止装置の保守業務の委託,6000000,随意契約,-
51,C.,6,2010001033475,(株)ＪＥＣＣ,登記情報提供システム入退室管理機器の調達,4000000,1,0.996
51,C.,7,7010001035673,(株)アズジェント,登記情報提供システムのセキュリティ監査業務委託,3000000,5,0.761
51,C.,8,1010401065516,ｅＣＵＲＥ(株),サーバ用ソフトの購入,900000,随意契約,-
51,C.,9,6020001077096,富士古河Ｅ＆Ｃ(株),登記情報提供システム用自家発電設備に係る役務の委託,500000,随意契約,-
52,A.,1,7010401006126,沖電気工業(株),人事・給与関係業務情報システムの第四期ハードウェア・ソフトウェア移設,92000000,随意契約,-
52,A.,1,7010401006126,沖電気工業(株),人事・給与関係業務情報システムに係るアプリケーション保守(第二期),175000000,1,-
52,A.,1,7010401006126,沖電気工業(株),人事・給与関係業務情報システムに係るアプリケーション保守(第一期),686000000,-,-
52,B.,1,6010401015821,東京センチュリー(株),人事・給与関係業務情報システムの機器及びソフトウェア賃貸借・保守(政府共通PFへの移行),1064000000,-,-
52,B.,1,6010401015821,東京センチュリー(株),人事･給与関係業務情報システムに係る機器等賃貸借及び保守(第一期),40000000,-,-
52,B.,1,6010401015821,東京センチュリー(株),人事・給与関係業務情報システムに係る機器等賃貸借及び保守(第四期),175000000,-,-
52,B.,1,6010401015821,東京センチュリー(株),人事･給与関係業務情報システムWeb／APサーバの増設メモリ・ディスク賃貸借及び保守,1000000,-,-
52,B.,1,6010401015821,東京センチュリー(株),人事・給与関係業務情報システムに係る機器等賃貸借及び保守(第二期),44000000,-,-
52,B.,1,6010401015821,東京センチュリー(株),人事・給与関係業務情報システムに係る機器等賃貸借及び保守(第三期),54000000,-,-
52,C.,1,1020001071491,富士通(株),人事・給与関係業務情報システムの運用サービス(政府共通PF),305000000,-,-
52,C.,1,1020001071491,富士通(株),人事・給与関係業務情報システムに係る4府省等追加,7000000,随意契約,-
52,C.,1,1020001071491,富士通(株),人事・給与関係業務情報システムのバックアップデータ退避等,1000000,1,-
52,C.,1,1020001071491,富士通(株),人事・給与関係業務情報システムに係る運用センタ支援,54000000,-,-
52,D.,1,2010001010788,伊藤忠テクノソリューションズ(株),人事・給与関係業務情報システムの運用・保守に係るプロジェクト管理支援(第一期),60000000,-,-
52,D.,1,2010001010788,伊藤忠テクノソリューションズ(株),人事・給与関係業務情報システムの運用・保守に係るプロジェクト管理支援(第二期),6000000,1,-
52,E.,1,,もしもしホットライン(株),人事・給与関係業務情報システムに係るヘルプデスク支援(第一期),54000000,-,-
52,E.,1,,もしもしホットライン(株),人事・給与関係業務情報システムに係るヘルプデスク支援(第二期),81000000,2,-
52,F.,1,,(株)アイネス,人給システムアドバイザー,7000000,2,-
52,F.,2,,(株)アイ・テイ・シー,人給システムに関するワーキンググループ会議録のテープ反訳,70000,5,-
53,A.,1,7010401022916,日本電気(株),運転者管理業務用電子計算機賃貸借等(26年度国庫債務負担行為)等（27件）,3157000000,-,0
53,A.,1,7010401022916,日本電気(株),警察総合捜査情報システム賃貸借(25年度国庫債務負担行為),1623000000,-,0
53,A.,1,7010401022916,日本電気(株),指掌紋自動識別システム用照合部賃貸借(25年度国庫債務負担行為),3302000000,-,0
53,A.,2,2010001033475,(株)ＪＥＣＣ,全国的情報処理センター用電子計算機賃貸借(25年度国庫債務負担行為),1801000000,-,0
53,A.,3,1020001071491,富士通(株),警察情報共有システム賃貸借（文書管理サーバ）等（3件）,15000000,随意契約（その他）,0
53,A.,3,1020001071491,富士通(株),警察情報共有システム改修,15000000,随意契約（公募）,0
53,A.,3,1020001071491,富士通(株),警察情報共有システム賃貸借(26年度国庫債務負担行為),1241000000,-,0
53,A.,4,1010001012983,(株)大塚商会,ＯＡ消耗品(EPSON製)34品目,78000000,3,-
53,A.,4,1010001012983,(株)大塚商会,トナーカートリッジLPB3T25S外28点,264000000,2,-
53,A.,4,1010001012983,(株)大塚商会,トナーカートリッジCT201402ブラック外8点等（4件）,66000000,2,-
53,A.,5,2010001010788,伊藤忠テクノソリューションズ(株),警察庁オープンネットワーク賃貸借等（5件）,48000000,随意契約（その他）,0
53,A.,5,2010001010788,伊藤忠テクノソリューションズ(株),オープンネットワーク用セキュリティ対策機器等賃貸借,140000000,-,0
53,A.,5,2010001010788,伊藤忠テクノソリューションズ(株),警察庁オープンネットワーク構築,43000000,3,-
53,A.,6,5290801002046,(株)ゼンリン,警察総合捜査情報システム用住宅地図データ賃貸借(25年度国庫債務負担行為),96000000,-,0
53,A.,7,1010001008825,東京電力ホールディングス(株),電気料分担金,6000000,随意契約（その他）,0
53,A.,7,1010001008825,東京電力ホールディングス(株),電気料分担金,70000000,随意契約（その他）,0
53,A.,8,6010701025710,(株)日立システムズ,警察情報共有システム増設用品調整,28000000,2,-
53,A.,8,6010701025710,(株)日立システムズ,容疑車両検索システム用プログラム保守管理,100000,2,-
53,A.,8,6010701025710,(株)日立システムズ,容疑車両検索システム用プログラム,46000000,2,-
53,A.,9,9020001071492,富士電機(株),文書管理システム用プログラム,73000000,1,-
53,A.,9,9020001071492,富士電機(株),文書管理システム用プログラム保守委託,1000000,1,-
53,A.,10,1010601022399,(株)日立物流,賃貸借機器撤去作業,55000000,3,-
53,B.,1,4010405003997,(一社)全国軽自動車協会(連),検査対象外軽自動車届出情報の提供,2000000,随意契約（公募）,0
53,B.,2,8010405010115,(一社)日本自動車販売協会(連),年製別型式早見表2015上半期版,100000,随意契約（少額）,0
53,C.,1,2000012010002,人事院,保守・運用支援,12000000,-,0
53,E.,1,8430001027586,(株)ノーザンコムテック,通信機器移設等作業,100000,2,-
54,A.,1,9010001045803,新日鉄住金ソリューションズ(株),総務省ネットワーク基盤（LAN）の構築等の請負,1397000000,-,-
54,A.,1,9010001045803,新日鉄住金ソリューションズ(株),総務省ネットワーク基盤（LAN）の構築等の請負,12000000,随意契約（その他）,100
54,B.,1,6010401015821,東京センチュリー(株),サーバ機器の借入・保守等,914000000,-,-
54,C.,1,5010001006767,(株)富士通マーケティング,機器保守等,666000000,-,-
54,D.,1,6010401015821,東京センチュリー(株),ＬＡＮ端末の借入,143000000,-,-
54,D.,2,9010001142187,昭和リース(株),ＬＡＮ端末の借入,1000000,随意契約（その他）,100
54,D.,2,9010001142187,昭和リース(株),ＬＡＮ端末の借入,111000000,-,-
54,D.,3,6010001051366,東銀リース(株),ＬＡＮ端末の借入,109000000,-,-
54,D.,4,2010801012579,(株)リコー,LAN複合機等の借入・保守,300000,随意契約（少額）,100
54,D.,4,2010801012579,(株)リコー,LAN複合機等の借入・保守,49000000,-,-
54,D.,4,2010801012579,(株)リコー,ＬＡＮ複合機等の保守,500000,随意契約（少額）,100
54,D.,4,2010801012579,(株)リコー,ＬＡＮ複合機等の保守,300000,随意契約（少額）,100
54,D.,5,8010601024653,ユニアデックス(株),ＬＡＮ端末の借入,12000000,-,-
54,D.,6,6010401024970,日立キャピタル(株),遠隔監視システムの借入,6000000,-,-
54,D.,6,6010401024970,日立キャピタル(株),遠隔監視システムの借入,100000,随意契約（少額）,100
54,D.,7,3010401026805,富士ゼロックス(株),ＬＡＮ複合機等の保守,1000,随意契約（少額）,100
54,D.,7,3010401026805,富士ゼロックス(株),ＬＡＮ複合機等の保守,600000,随意契約（少額）,100
54,D.,7,3010401026805,富士ゼロックス(株),ＬＡＮ複合機等の保守,200000,随意契約（少額）,100
54,D.,7,3010401026805,富士ゼロックス(株),LAN複合機等の借入・保守,70000,-,-
54,D.,8,7010001008844,(株)日立製作所,遠隔監視システムの保守,600000,随意契約（その他）,100
54,E.,1,2010001033475,(株)ＪＥＣＣ,総務省LAN端末用ソフトウェアの借入,30000000,6,68.1
54,E.,1,2010001033475,(株)ＪＥＣＣ,総務省LAN端末用ソフトウェアの借入,121000000,-,-
54,E.,2,8010701022466,ＪＡ三井リース(株),総務省LAN端末用ソフトウェアの借入,33000000,-,-
54,E.,3,9010001045803,新日鉄住金ソリューションズ(株),総務省LAN端末用ソフトウェアの借入,800000,随意契約（少額）,100
54,F.,1,9010001045803,新日鉄住金ソリューションズ(株),総務省LANにおけるモバイルデバイス管理機能等の追加に係る作業等の請負,6000000,-,-
54,F.,1,9010001045803,新日鉄住金ソリューションズ(株),総務省LANにおけるプリントサーバへの機能追加に係る作業等の請負,78000000,-,-
54,F.,1,9010001045803,新日鉄住金ソリューションズ(株),総務省ＬＡＮにおけるＬＡＮ端末のリモートアクセス利用停止機能追加に係る作業等の請負,1000000,随意契約（少額）,100
54,F.,1,9010001045803,新日鉄住金ソリューションズ(株),総務省ＬＡＮにおける無線映像出力機能に係る実証実験の請負,1000000,随意契約（少額）,100
54,F.,1,9010001045803,新日鉄住金ソリューションズ(株),総務省ＬＡＮにおけるＵＳＢシンクライアント性能向上に係る実証実験の請負,1000000,随意契約（少額）,100
54,F.,1,9010001045803,新日鉄住金ソリューションズ(株),LAN複合機利用者カードの発行に係る作業の委託について,24000000,随意契約（その他）,100
54,F.,1,9010001045803,新日鉄住金ソリューションズ(株),総務省LANにおけるファイル共有サーバのマルウェア検出システム追加に係る作業等の請負,11000000,-,-
54,F.,1,9010001045803,新日鉄住金ソリューションズ(株),総務省LANにおけるふるまい検知型マルウェア対策機能の強化に係る作業等の請負,13000000,-,-
54,F.,1,9010001045803,新日鉄住金ソリューションズ(株),セキュリティ監視室設定に係るＬＡＮ環境構築作業,700000,随意契約（少額）,100
54,F.,1,9010001045803,新日鉄住金ソリューションズ(株),総務省LANにおけるリモートアクセス環境のセキュリティ強化に係る作業等の請負,6000000,随意契約（公募）,100
54,F.,1,9010001045803,新日鉄住金ソリューションズ(株),総務省LANにおけるログ収集・解析機能強化に係る作業等の請負,15000000,-,-
54,F.,1,9010001045803,新日鉄住金ソリューションズ(株),総務省LANにおける管理者権限のアクセス制御機能追加に係る作業等の請負,4000000,-,-
54,F.,2,7010701007922,ネットワンシステムズ(株),次期総務省LANに係る調達支援業務の請負,43000000,1,73.6
54,G.,1,9010001045803,新日鉄住金ソリューションズ(株),石川行政評価事務所移転に伴うWAN回線の敷設及びルータ構築作業等の請負,5000000,随意契約（公募）,100
54,G.,1,9010001045803,新日鉄住金ソリューションズ(株),内閣人事局及び行政管理局分室へのネットワーク回線接続サービス提供の請負,7000000,随意契約（その他）,100
54,G.,1,9010001045803,新日鉄住金ソリューションズ(株),行政管理局分室発足に伴う総務省LAN利用環境の構築に係る作業等の請負,8000000,随意契約（公募）,100
54,G.,1,9010001045803,新日鉄住金ソリューションズ(株),内閣府からの事務移管に伴う総務省LAN利用環境整備の請負,12000000,随意契約（公募）,100
54,G.,1,9010001045803,新日鉄住金ソリューションズ(株),群馬行政評価事務所の庁舎移転に伴うＷＡＮ回線の移設作業の請負,800000,随意契約（少額）,100
54,G.,2,7010001064648,ＮＴＴコミュニケーションズ(株),インターネット接続用独立回線（インターネット接続サービス）の提供,1000000,随意契約（その他）,100
54,G.,3,9010401052465,ソフトバンク(株),移動通信網を利用したインターネット接続サービス等の請負,600000,随意契約（少額）,100
54,G.,4,8011101028104,東日本電信電話(株),インターネット接続用独立回線（通信回線）について,500000,随意契約（少額）,100
54,G.,5,8011101028104,東日本電信電話(株),住民基本台帳法に基づく本人確認情報の提供を受けるために必要となる外部接続用回線接続サービス提供の請負,500000,随意契約（少額）,100
54,G.,6,1010001067912,(株)ＮＴＴドコモ,海外用モバイルルータ,100000,随意契約（少額）,100
54,G.,7,3010005022218,地方公共団体情報システム機構,住民基本台帳法に基づく本人確認情報の提供,6000,随意契約（その他）,100
55,A.,1,6010401015821,東京センチュリー(株),政府共通プラットフォームの整備に係る機器・ソフトウェアの賃貸借（平成26年度増設対応）,1597327044,-,-
55,A.,1,6010401015821,東京センチュリー(株),【変更契約】政府共通プラットフォームの整備に係る機器・ソフトウェアの賃貸借（平成25年度増設対応）（消費税増税分）,29967960,-,-
55,A.,1,6010401015821,東京センチュリー(株),政府共通プラットフォームの整備に係る機器・ソフトウェアの賃貸借（平成25年度増設対応）,1048878684,-,-
55,A.,1,6010401015821,東京センチュリー(株),【変更契約】政府共通プラットフォームの整備に係る機器・ソフトウェアの賃貸借（消費税増税分）,30053120,-,-
55,A.,1,6010401015821,東京センチュリー(株),政府共通プラットフォームの整備に係る機器・ソフトウェアの賃貸借,1051871200,-,-
55,A.,1,6010401015821,東京センチュリー(株),政府共通PFの整備に係る機器・ソフトウェア賃貸借（PF-Standard）（平成27年度後半-平成28年度前半移行対象システム用等）,740881896,1,94
55,A.,1,6010401015821,東京センチュリー(株),電子文書交換システム及び電子掲示板システムの機器等の借入,74818080,-,-
55,A.,1,6010401015821,東京センチュリー(株),電子文書交換システム及び電子掲示板システムの追加機器等の借入,2812320,-,-
55,A.,2,9010601021385,(株)ＮＴＴデータ,政府共通プラットフォームの整備に係る施設・設備賃貸借（平成26年度）,148307644,-,-
55,A.,2,9010601021385,(株)ＮＴＴデータ,政府共通PFの整備に係る機器・ソフトウェア賃貸借（PF-Lite）（平成27年度後半-平成28年度前半移行対象システム用等）,12326580,1,99.87
55,A.,2,9010601021385,(株)ＮＴＴデータ,政府共通プラットフォームの整備に係る施設・設備賃貸借（平成27年度）,224137457,1,90.86
55,A.,2,9010601021385,(株)ＮＴＴデータ,【変更契約】政府共通プラットフォームの整備に係る施設・設備賃貸借の調達（消費税増税分）,7852320,-,-
55,A.,2,9010601021385,(株)ＮＴＴデータ,政府共通プラットフォームの整備に係る施設・設備賃貸借（平成25年度）,210199290,-,-
55,A.,2,9010601021385,(株)ＮＴＴデータ,【変更契約】政府共通プラットフォームの整備に係る施設・設備賃貸借（平成25年度）（消費税増税分）,6006094,-,-
55,A.,2,9010601021385,(株)ＮＴＴデータ,政府共通プラットフォームの整備に係る施設・設備賃貸借の調達,274831200,-,-
55,A.,2,9010601021385,(株)ＮＴＴデータ,政府共通プラットフォーム認証サービスに係るソフトウェア等賃貸借,113946780,-,-
55,A.,3,8010401021784,ＮＥＣキャピタルソリューション(株),新たな暗号アルゴリズムに対応した政府認証基盤の機器等の借入,538576812,-,-
55,A.,4,9010005005761,(一社)行政情報システム研究所,政府共通ネットワークに係る増設機器等の借入（平成26年度上期）,5938272,-,-
55,A.,4,9010005005761,(一社)行政情報システム研究所,政府共通ネットワークに係る増設機器等の借入（平成27年度）,198581608,-,-
55,A.,4,9010005005761,(一社)行政情報システム研究所,政府共通ネットワークに係る増設機器等の借入（平成26年度下期）,119194545,-,-
55,A.,4,9010005005761,(一社)行政情報システム研究所,政府共通ネットワークに係る増設機器等の借入（平成25年度）,86832000,-,-
55,A.,5,6010401024970,日立キャピタル(株),検証機能の強化に係る政府認証基盤の機器等の借入,23360323,1,97.1
55,B.,1,9010005005761,(一社)行政情報システム研究所,政府認証基盤のシステム更改のための設計・開発・構築等の請負,190691280,-,-
55,B.,2,1020001071491,富士通(株),法制執務業務支援システム（e-LAWS）の本格運用機能の開発の請負,96120000,1,99.2
55,B.,2,1020001071491,富士通(株),法制執務業務支援システム（e-LAWS）のプロトタイプの作成の請負,85320000,1,98.3
55,B.,3,2012801014142,(株)コンフィック,法令データ突合結果確認データベースの開発の請負,12366000,1,100
55,B.,4,3180005006071,(大)名古屋大学,法制執務業務支援システム（e-LAWS）の技術支援の請負,9739699,随意契約（その他）,-
55,C.,1,9010601021385,(株)ＮＴＴデータ,政府共通プラットフォームの運用移行支援作業等（変更契約）,27062640,-,-
55,C.,1,9010601021385,(株)ＮＴＴデータ,政府共通プラットフォームの整備に係る回線増速の調達,34376400,随意契約（その他）,-
55,C.,1,9010601021385,(株)ＮＴＴデータ,政府共通プラットフォームの運用移行支援作業等,1066980816,1,94.49
55,C.,1,9010601021385,(株)ＮＴＴデータ,移行支援作業及び環境維持監理作業等,62702712,-,-
55,C.,2,9010005005761,(一社)行政情報システム研究所,政府共通ネットワークの運用の請負,1137167294,-,-
55,C.,3,,３社協業（（一社）行政情報システム研究所、日本電気(株)、セコムトラストシステムズ(株)）,政府認証基盤の運用・保守,751906800,-,-
55,C.,4,1020001071491,富士通(株),電子文書交換システム及び電子掲示板システムの運用の請負,78265440,-,-
55,C.,5,7010001064648,ＮＴＴコミュニケーションズ(株),政府共通プラットフォームの整備に係る回線賃貸借の調達,9104400,2,100
55,C.,5,7010001064648,ＮＴＴコミュニケーションズ(株),国家公務員ICカード身分証府省間データ交換サーバシステムの更改作業、機器等の借入及び運用・保守業務の請負,8895096,-,-
55,C.,5,7010001064648,ＮＴＴコミュニケーションズ(株),政府共通PFの整備に係る回線の賃貸借（平成26年度継続）,46656000,随意契約（その他）,-
55,C.,6,7010401022916,日本電気(株),政府共通PFの整備に係る回線の賃貸借（平成27年度）,31860000,2,65.19
55,D.,1,5010405001703,有限責任監査法人トーマツ,政府共通システム基盤の情報システム監査の請負,25812000,1,95.98
55,D.,2,3011105000996,有限責任あずさ監査法人,システム監査,14871600,4,97.1
55,E.,1,9010401025405,日比谷総合設備(株),２期工事（変更契約）,29627640,-,-
55,E.,1,9010401025405,日比谷総合設備(株),２期工事,652320000,1,99.78
55,E.,2,,国土交通省航空局,国有財産使用料の支払い,1878116,-,-
55,E.,2,,国土交通省航空局,国有財産所管換費用の支払い,198720000,-,-
55,E.,3,8010001144647,ＫＰＭＧコンサルティング(株),政府情報システムに係るネットワークの再編に関する基本計画の立案に係る調査等の請負,50103360,2,64.1
55,E.,3,8010001144647,ＫＰＭＧコンサルティング(株),行政機関におけるプライベートクラウドサービスに係る動向調査及び評価・検証等作業の請負,17897760,1,96.91
55,E.,4,5010001006767,(株)富士通マーケティング,サーバラック一式の調達,55080000,1,97.33
55,E.,5,8000012100004,札幌管区気象台,国有財産所管換費用の支払い,49572000,-,-
55,E.,6,3010401005008,(株)ＮＴＴファシリティーズ,２期工事積算変更業務,2160000,1,100
55,E.,6,3010401005008,(株)ＮＴＴファシリティーズ,建物維持管理業務（大阪拠点）,11752560,1,100
55,E.,6,3010401005008,(株)ＮＴＴファシリティーズ,第２期庁舎改修工事監理業務,13996800,1,100
55,E.,7,8010001067848,ミツウロコグリーンエネルギー(株),庁舎管理経費（電気料金）,19387005,-,-
55,E.,8,3120001059632,関西電力(株),維持管理経費（電気料）,12699351,-,-
55,E.,9,7010401022916,日本電気(株),機器・ソフトウェアの保守作業等,5959440,随意契約（公募）,-
55,E.,9,7010401022916,日本電気(株),平成27年度拠点間接続用回線の提供の請負（平成25年度敷設回線の継続提供）（低層棟回線契約）,3965760,随意契約（公募）,-
55,E.,10,1010001108872,(株)クマヒラ,入退室管理装置の追加整備に係る調達,7560000,随意契約（その他）,-
55,E.,10,1010001108872,(株)クマヒラ,平成27年度遠隔監視機器一式の保守作業に係る請負（東日本拠点）,1247400,随意契約（その他）,-
56,A.,1,1010001128061,日本アイ・ビー・エム(株),社会保障・税番号制度に基づく個人番号カードに搭載される電子証明書への対応等に係る請負,23000000,1,98.79676941
56,A.,1,1010001128061,日本アイ・ビー・エム(株),総合無線局監理システムの運用技術支援等の請負【国庫債】,477000000,-,-
56,A.,1,1010001128061,日本アイ・ビー・エム(株),総合無線局監理システム用コンピュータ機器（シンクライアントサーバ等）の借入れ,40000000,随意契約（公募）,100
56,A.,1,1010001128061,日本アイ・ビー・エム(株),総合無線局監理システム用コンピュータ機器の借入及び移行作業の請負【国庫債】,4808000000,-,-
56,A.,1,1010001128061,日本アイ・ビー・エム(株),総合無線局監理システム基幹系機能拡充設計・開発等の請負,717000000,1,94.63195386
56,B.,1,7010401022916,日本電気(株),総合無線局監理システム情報系機能拡充設計・開発等の請負,535000000,1,98.41316594
56,B.,1,7010401022916,日本電気(株),パーソナル無線の終了対策における追加的電波利用料の徴収方法に係る調査分析作業等の請負,28000000,1,98.4614316
56,C.,1,6010001030403,(株)三菱総合研究所,総合無線局監理システムにおける設計・開発・運用等業務に係るプロジェクト・マネジメント支援等業務の請負【国庫債】,173000000,-,-
56,D.,1,3120001079845,さくらインターネット(株),総合無線局監理システムのプライマリセンターの電気料金の支払い,29000000,随意契約（その他）,100
56,D.,1,3120001079845,さくらインターネット(株),総合無線局監理システムの新プライマリセンターの借入れ【国庫債】,94000000,-,-
56,E.,1,9010601021385,(株)ＮＴＴデータ,総合無線局監理システムのバックアップセンターの電気料金の支払い,24000000,随意契約（その他）,100
56,E.,1,9010601021385,(株)ＮＴＴデータ,総合無線局監理システムのバックアップセンターの借入れ【国庫債】,32000000,-,-
56,F.,1,6010001011147,(株)インターネットイニシアティブ,インターネット接続サービス（主回線）等提供の請負【国庫債】,13000000,随意契約（公募）,100
56,F.,1,6010001011147,(株)インターネットイニシアティブ,新広域ＬＡＮ接続サービス等（主回線）提供の請負【国庫債】,41000000,-,-
56,F.,1,6010001011147,(株)インターネットイニシアティブ,データ通信用回線（プライマリーセンター及びオペレーションセンター）等提供の請負【国庫債】,2000000,2,88.39469809
56,G.,1,5020001016039,マンパワーグループ(株),地方総合通信局及び沖縄総合通信事務所等における無線局諸元整理等作業の請負,45000000,1,88.39469809
56,H.,1,4010401041588,日本ビジネスシステムズ(株),新広域ＬＡＮ接続サービス等（副回線）提供の請負【国庫債】,26000000,-,-
56,H.,1,4010401041588,日本ビジネスシステムズ(株),インターネット接続サービス（副回線）等提供の請負【国庫債】,7000000,随意契約（公募）,100
56,H.,1,4010401041588,日本ビジネスシステムズ(株),送料受取人払システム用回線提供の請負,3000000,随意契約（公募）,100
56,I.,1,8011101022577,(株)理経,総合無線局監理システムのオペレーションセンターの借入れ【国庫債】,22000000,-,-
56,I.,1,8011101022577,(株)理経,総合無線局監理システムのオペレーションセンターの電気料金の支払い,2000000,随意契約（その他）,100
56,J.,1,6010001062000,(株)日本経済社,「総務省電波利用電子申請・届出システム」に係る普及促進活動の支援業務の請負,15000000,随意契約（公募）,100
56,K.,1,2010801020474,(株)ＩＳＴソフトウェア,総合無線局監理システムの外部評価業務の請負,13000000,1,99.69230769
56,L.,1,7010001064648,ＮＴＴコミュニケーションズ(株),総合無線局監理システムのネットワークに係る電話料金の支払い,3000000,随意契約（その他）,100
56,L.,1,7010001064648,ＮＴＴコミュニケーションズ(株),新マルチペイメントネットワークシステム接続用主回線等提供の請負【国庫債】,3000000,-,-
56,L.,1,7010001064648,ＮＴＴコミュニケーションズ(株),新マルチペイメントネットワークシステム接続用副回線等提供の請負【国庫債】,3000000,-,-
56,M.,1,3010005022218,地方公共団体情報システム機構,全国町・字ファイル,0,随意契約（少額）,100
56,M.,1,3010005022218,地方公共団体情報システム機構,公的個人認証サービス情報提供手数料,4000000,随意契約（その他）,100
56,N.,1,1011801021793,(株)マルミヤ,総合無線局監理システムに係る消耗品,4000000,2,90.11068335
56,O.,1,5110001000181,(株)ＩＴスクエア,総合無線局監理システムのシステム監査の請負,2000000,3,58.81057269
56,P.,1,5290801002046,(株)ゼンリン,総合無線局監理システム地図データの複製利用,1000000,随意契約（その他）,100
56,Q.,1,4010401005007,(株)ＮＴＴピー・シーコミュニケーションズ,収納情報連絡用オンライン通信回線の借入,1000000,随意契約（公募）,100
56,R.,1,1010001067912,(株)ＮＴＴドコモ,電話料金,1000000,随意契約（その他）,100
56,R.,2,8011101028104,東日本電信電話(株),電話料金,1000000,随意契約（その他）,100
56,R.,3,1020001071491,富士通(株),データ通信回線,1000000,随意契約（少額）,100
57,C.,1,1010001112577,日本郵便(株),平成27年国勢調査郵送回収のための郵送料,1795000000,随意契約（その他）,-
57,C.,2,7010401006126,沖電気工業(株),平成27年国勢調査オンライン調査に向けたシステムの基盤増強等提供業務（平成26年度から平成27年度）,1691000000,-,-
57,C.,3,8010401001563,アデコ(株),平成27年国勢調査の郵送提出調査票仕分け等業務,1386000000,4,99.3
57,C.,4,4010401022860,日本通運(株),平成27年国勢調査調査用品の仕分け・梱包等及び発送業務,881000000,1,99.8
57,C.,5,3011001041302,トランス・コスモス(株),平成27年国勢調査コールセンター業務,691000000,2,98.2
57,C.,6,8010401024011,(株)博報堂,平成27年国勢調査の広報に関する総合企画（平成27年度実施分）の実施業務,600000000,随意契約（企画競争）,100
57,C.,7,1010401006180,(株)オカモトヤ,平成27年国勢調査筆記具セットの購入,525000000,2,99.9
57,C.,8,4010601007190,(株)ムトウユニパック,平成27年国勢調査調査書類収納封筒の製造,337000000,6,100
57,C.,9,1120001074740,(株)イムラ封筒,平成27年国勢調査インターネット回答の利用案内封筒の製造,281000000,6,98.1
57,C.,10,4010401050341,トッパン・フォームズ(株),平成28年経済センサス-活動調査調査票等の印刷、封入、梱包及び発送業務,264000000,5,64.9
58,A.,1,6010401015821,東京センチュリー(株),システム機器等賃貸借等,905000000,随意契約（その他）,100
58,A.,2,7010401001556,アクセンチュア(株),運用管理支援業務等,549000000,1,99.7
58,A.,3,4010401045416,シスコシステムズキャピタル(株),法務省NW更新に係る機器等賃貸借,108000000,-,-
58,A.,4,9010001045803,新日鉄住金ソリューションズ(株),法務省LANシステム等の更新・運用管理業務,5000000,-,-
58,A.,5,9010401052465,ソフトバンク(株),法務省情報ネットワーク接続拠点変更,1000000,随意契約（その他）,73.6
58,A.,6,7010401110076,ソフトバンクモバイルサービス(株),インターネット接続サービス料,400000,随意契約（その他）,100
58,C.,1,2010701022133,(株)Ｆ－Ｐｏｗｅｒ,電気料,9000000,4,86.4
58,C.,2,1010001008825,東京電力ホールディングス(株),電気料,3000000,随意契約（その他）,98.9
58,C.,3,9010001008776,丸紅(株),電気料,3000000,1,85.9
58,C.,4,6010005012356,日本ロジテック(協組),電気料,2000000,2,91.9
58,C.,5,9010401041641,(株)エネット,電気料,2000000,1,97.5
58,C.,6,5010001030412,三菱電機ビルテクノサービス(株),保守業務,1000000,随意契約（少額）,-
58,C.,7,1010001087737,サミットエナジー(株),電気料,800000,3,92.8
58,C.,8,6010401015821,東京センチュリー(株),保守料,800000,随意契約（少額）,-
58,C.,9,8010401056384,(株)富士通エフサス,保守料,800000,随意契約（少額）,-
58,C.,10,9010401078551,伊藤忠エネクス(株),電気料,700000,3,96.7
59,B.,1,6020001077096,富士古河Ｅ＆Ｃ(株),登記情報システム用無停電電源装置老朽部品交換作業の役務の委託,100000000,2,99.9
59,B.,2,7010401052137,東芝ソリューション(株),登記情報システムの運用のための機器に係る役務の委託,24000000,随意契約（その他）,100
59,B.,3,2011101014084,東芝電機サービス(株),登記情報システム用無停電電源装置蓄電池交換作業の役務の委託,22000000,1,96.7
59,B.,4,9010001087242,富士電機ＩＴソリューション(株),登記情報保全センターの入退館管理システムの撤去等作業の役務の委託,9000000,1,99.5
59,B.,5,4100001003252,(株)マツハシ冷熱,登記情報保全センター電算室用空調機更新作業の役務の委託,8000000,2,71.8
59,B.,6,1010001110829,リコージャパン(株),登記情報システムの運用のための機器に係る役務の委託,5000000,随意契約（少額）,-
59,B.,7,8010401056384,(株)富士通エフサス,登記情報システムの運用のための機器に係る役務の委託,4000000,随意契約（少額）,-
59,B.,8,,(株)エイムス,警備業務に係る役務の委託,2000000,1,99.3
59,B.,9,7020001077194,エフネッツサービス(株),登記情報システムの運用のための機器に係る役務の委託,2000000,随意契約（少額）,-
59,B.,10,1030001082216,(株)アート警備,警備業務に係る役務の委託,2000000,4,59.2
59,C.,1,2010001033475,(株)ＪＥＣＣ,新登記情報システム保守用機器等賃貸借等,1385000000,-,-
59,C.,1,2010001033475,(株)ＪＥＣＣ,登記情報システム端末装置等用特定ソフトウェア賃貸借,600000,1,98.4
59,C.,1,2010001033475,(株)ＪＥＣＣ,登記情報システム更新用機器等賃貸借等,10391000000,-,-
59,C.,1,2010001033475,(株)ＪＥＣＣ,登記情報システム端末装置等賃貸借,3000000,1,97.2
59,C.,2,1020001071491,富士通(株),登記情報システムアプリケーション機能改修業務,376000000,1,99.5
59,C.,2,1020001071491,富士通(株),登記情報システムの情報セキュリティ強化に伴うアプリケーション機能改修,41000000,1,98.5
59,C.,2,1020001071491,富士通(株),登記情報システムの業務アプリケーション保守業務,1142000000,1,99.9
59,C.,2,1020001071491,富士通(株),登記情報システムの運用支援業務,1876000000,1,99.9
59,C.,2,1020001071491,富士通(株),マンション敷地売却制度の創設に伴う登記情報システムの機能追加開発業務,144000000,1,99.5
59,C.,2,1020001071491,富士通(株),登記情報システムの端末装置等の更新に伴う支援作業等,194000000,-,-
59,C.,2,1020001071491,富士通(株),地図情報システムのリプレースに伴う登記情報システムの機能改修業務等,234000000,1,99.5
59,C.,2,1020001071491,富士通(株),登記・供託オンライン申請システム等の更新に伴う登記情報システムの対応,270000000,1,99.2
59,C.,3,9011101031552,ＫＤＤＩ(株),登記情報ネットワークに係る通信サービス,357000000,随意契約（その他）,100
59,C.,4,7010601037788,リコーリース(株),登記情報システム用印刷装置等賃貸借等,305000000,随意契約（その他）,100
59,C.,5,7010401001556,アクセンチュア(株),登記情報システム等に係る統合管理支援等業務,283000000,1,82
59,C.,6,8010001085296,アビームコンサルティング(株),登記情報システムの更改に向けた要件定義等支援業務,205000000,1,66
59,C.,7,8010401005011,ＮＴＴファイナンス(株),登記情報システム用印刷装置等賃貸借等,24000000,随意契約（その他）,100
59,C.,8,7010401052137,東芝ソリューション(株),登記情報システム用端末装置環境変更等支援業務,8000000,1,97.4
59,C.,9,4140001010682,(株)ブレインワークス,登記情報システムのセキュリティ監査業務,6000000,2,83.4
59,C.,10,7010001064648,ＮＴＴコミュニケーションズ(株),登記申請用回線使用料,6000000,随意契約（その他）,-
60,B.,1,7010601037788,リコーリース(株),登記識別情報通知書用シールプリンタに係る機器の借料,23000000,随意契約（その他）,100
60,B.,2,7010401052137,東芝ソリューション(株),登記識別情報通知書用シールプリンタに係る機器に関する役務の委託,5000000,随意契約（少額）,-
60,B.,3,2010801012579,(株)リコー,登記識別情報通知書用シールプリンタに係る機器に関する役務の委託,3000000,随意契約（少額）,-
60,B.,4,7180001100790,大須工業(株),登記識別情報通知書用シールプリンタに係る機器に関する役務の委託,300000,随意契約（少額）,-
60,B.,5,1010001110829,リコージャパン(株),登記識別情報通知書用シールプリンタに係る機器に関する役務の委託,200000,随意契約（少額）,-
60,C.,1,1020001071491,富士通(株),オンライン登記申請システムの運用・保守業務,394000000,-,-
60,C.,1,1020001071491,富士通(株),オンライン登記申請システムの機器更新等に係るアプリケーション改修作業,907000000,-,-
60,C.,1,1020001071491,富士通(株),登記ゲートウェイシステムの運用・保守業務,290000000,-,-
60,C.,2,6010401015821,東京センチュリー(株),オンライン登記申請システム代行システム機器等賃貸借,655000000,-,-
60,C.,2,6010401015821,東京センチュリー(株),オンライン登記申請システム用機器等据付・調整等作業,83000000,1,99
60,C.,2,6010401015821,東京センチュリー(株),登記ゲートウェイシステム更新機器等賃貸借,140000000,-,-
60,C.,2,6010401015821,東京センチュリー(株),オンライン登記申請システム機器等賃貸借,357000000,1,99
60,C.,2,6010401015821,東京センチュリー(株),電算システム用空調和機賃貸借,1000000,随意契約（その他）,100
60,C.,3,2010001033475,(株)ＪＥＣＣ,オンライン登記申請システムを構成する機器等賃貸借,175000000,随意契約（その他）,98.1
60,C.,3,2010001033475,(株)ＪＥＣＣ,民間事業者製SW連携テスト機器等賃貸借,11000000,随意契約（その他）,89.2
60,C.,3,2010001033475,(株)ＪＥＣＣ,オンライン登記申請システム登記嘱託のため必要となる機器等賃貸借,7000000,随意契約（その他）,92.8
60,C.,4,9010601021385,(株)ＮＴＴデータ,オンライン登記申請システムの操作サポートデスク業務,93000000,-,-
60,C.,4,9010601021385,(株)ＮＴＴデータ,オンライン登記申請システムの操作サポートデスク,16000000,2,73.6
60,C.,5,7010601037788,リコーリース(株),登記識別情報通知用印刷装置賃貸借等,80000000,-,-
60,C.,6,6010001011147,(株)インターネットイニシアティブ,オンライン登記申請システムのインターネット接続サービス,20000000,1,99.9
60,C.,6,6010001011147,(株)インターネットイニシアティブ,オンライン登記申請システムインターネット接続サービス,44000000,-,-
60,C.,7,1010701008901,(株)フォーカスシステムズ,登記情報システム用バーコードリーダへのＯＣＲソフトウェアのインストール作業,58000000,1,99.5
60,C.,8,7010001035673,(株)アズジェント,オンライン登記申請システム等のセキュリティ監査業務,6000000,4,97.2
60,C.,9,2010801012579,(株)リコー,登記識別情報通知用印刷装置撤去等作業,6000000,1,96.4
60,C.,9,2010801012579,(株)リコー,登記識別情報用プリンタ賃貸借,400000,随意契約（その他）,100
60,C.,10,3010005022218,地方公共団体情報システム機構,公的個人認証サービス情報提供手数料,4000000,随意契約（その他）,100
61,B.,1,9010601021385,(株)ＮＴＴデータ,地図情報システムの機器移設等,6000000,随意契約（その他）,100
61,B.,2,6010601032609,ＮＴＴデータ・カスタマサービス(株),地図情報システムの機器移設等,4000000,随意契約（少額）,-
61,B.,3,9011101005242,(株)きもと,地図の電子化作業等,2000000,随意契約（少額）,-
61,B.,4,,個人Ａ,非常勤職員（地図管理業務の補助）の雇用,1000000,-,-
61,B.,5,,個人Ｂ,非常勤職員（地図管理業務の補助）の雇用,1000000,-,-
61,B.,6,,個人Ｃ,非常勤職員（地図管理業務の補助）の雇用,1000000,-,-
61,B.,7,,個人Ｄ,非常勤職員（地図管理業務の補助）の雇用,1000000,-,-
61,B.,8,,個人Ｅ,非常勤職員（地図管理業務の補助）の雇用,1000000,-,-
61,B.,9,,個人Ｆ,非常勤職員（地図管理業務の補助）の雇用,1000000,-,-
61,B.,10,,個人Ｇ,非常勤職員（地図管理業務の補助）の雇用,1000000,-,-
61,C.,1,9010601021385,(株)ＮＴＴデータ,地図情報システムに係る運用等業務,896000000,-,-
61,C.,1,9010601021385,(株)ＮＴＴデータ,次期地図情報システム用機器等賃貸借,418000000,1,99.8
61,C.,1,9010601021385,(株)ＮＴＴデータ,次期地図情報システムの開発及び移行等業務,2081000000,-,-
61,C.,1,9010601021385,(株)ＮＴＴデータ,地図情報システムのアプリケーション機能追加開発業務,125000000,1,99.8
61,C.,1,9010601021385,(株)ＮＴＴデータ,地図情報システムの更新用機器等賃貸借,1074000000,随意契約（その他）,96.2
61,C.,1,9010601021385,(株)ＮＴＴデータ,地図情報システム更新機器等賃貸借,107000000,-,-
61,C.,1,9010601021385,(株)ＮＴＴデータ,マンション敷地売却制度の創設に伴う地図情報システムの機能追加開発業務,85000000,1,85.2
61,C.,1,9010601021385,(株)ＮＴＴデータ,地図情報保全センターにおける地図情報提供サーバの増設等,85000000,-,-
61,C.,1,9010601021385,(株)ＮＴＴデータ,地図情報システムの増設用機器等,243000000,-,-
61,C.,1,9010601021385,(株)ＮＴＴデータ,オンライン登記申請システム等の更新に伴う地図情報システムの対応作業,47000000,1,73.6
61,C.,2,8010401005011,ＮＴＴファイナンス(株),地図情報システム事務処理用端末装置等賃貸借,1290000000,-,-
61,C.,2,8010401005011,ＮＴＴファイナンス(株),地図情報システム事務処理用端末装置等賃貸借,512000000,-,-
61,C.,3,2010001033475,(株)ＪＥＣＣ,地図情報システムに係る空調機等賃貸借,16000000,随意契約（その他）,100
61,C.,3,2010001033475,(株)ＪＥＣＣ,入退室管理システム用機器等賃貸借,3000000,随意契約（その他）,99.2
61,C.,3,2010001033475,(株)ＪＥＣＣ,次期地図情報システム用附帯設備等賃貸借,600000,1,95.5
61,C.,4,4010501033353,ＮＴＴ空間情報(株),地図情報システム用電子住宅地図データ賃貸借,12000000,随意契約（その他）,100
61,C.,5,3011501005715,エヌデック(株),次期地図情報システム用機器等に係る分電盤設置作業,7000000,2,81
61,C.,6,6020001077096,富士古河Ｅ＆Ｃ(株),地図情報システム用空調機の撤去等作業,800000,随意契約（少額）,-
61,C.,6,6020001077096,富士古河Ｅ＆Ｃ(株),電算機用空調機賃貸借,200000,随意契約（その他）,100
61,C.,7,5010001122597,(株)ブロードリンク,地図情報システムの事務処理用端末装置等のデータ消去及び搬送等業務,600000,5,28.3
62,B.,1,8180001057568,(株)ルート・ワン,登記情報センター室横浜分室の警備業務の委託,7000000,5,87.1
62,C.,1,6010401015821,東京センチュリー(株),登記情報提供システム代行システム機器等の賃貸借,355000000,-,-
62,C.,1,6010401015821,東京センチュリー(株),登記情報提供システム用空調機器等の賃貸借,17000000,-,-
62,C.,1,6010401015821,東京センチュリー(株),登記情報提供システム更新機器等の賃貸借,437000000,-,-
62,C.,2,1020001071491,富士通(株),登記情報提供システムの機能改善及び移行切替作業,370000000,1,99.4
62,C.,2,1020001071491,富士通(株),登記情報提供システムの機能追加開発業務,10000000,2,63.4
62,C.,2,1020001071491,富士通(株),登記情報提供システムのアプリケーション保守業務,288000000,1,99.3
62,C.,3,6010001011147,(株)インターネットイニシアティブ,登記情報提供システム更新用インターネット接続サービス,44000000,随意契約（その他）,97.3
62,C.,4,6010601024969,富士通エフ・アイ・ピー(株),登記情報提供システム用不正侵入防御装置保守業務,6000000,随意契約（その他）,100
62,C.,5,2010001033475,(株)ＪＥＣＣ,登記情報提供システム用入退室管理機器等の賃貸借,4000000,-,-
62,C.,6,7010001035673,(株)アズジェント,登記情報提供システムのセキュリティ監査業務,3000000,4,97.2
62,C.,7,1010401065516,ｅＣＵＲＥ(株),サーバ用ソフトの購入,900000,随意契約（少額）,-
62,C.,8,6020001077096,富士古河Ｅ＆Ｃ(株),登記情報提供システム用自家発電設備保守業務,500000,随意契約（少額）,-
63,A.,1,7010401022916,日本電気(株),個人識別情報システムの心臓部をなすサーバ群の機器に係る賃貸借料,3851000000,-,-
63,A.,2,8010401021784,ＮＥＣキャピタルソリューション(株),個人識別情報ｼｽﾃﾑにおける自動化ｹﾞｰﾄ機器更新,390000000,-,-
63,A.,3,8010005017519,パナソニックシステムソリューションズジャパン(労組),IC旅券対応・出入国審査等旅券自動読取装置等に係る賃貸借料,146000000,-,-
63,A.,4,3010401022977,ＮＥＣフィールディング(株),電算室用無停電電源装置賃借料,9000000,-,-
64,A.,1,7010001008844,(株)日立製作所,日本人出帰国審査システム等の機器更新に伴う業務アプリケーションの改修等作業,1533000000,-,-
64,A.,2,8010005017519,パナソニックシステムソリューションズジャパン(労組),ICカード等消耗品,803000000,-,-
64,A.,3,2010001033475,(株)ＪＥＣＣ,日本人出帰国審査システム用ハードウェア機器等一式,718000000,1,99.7
64,A.,4,7010001064648,ＮＴＴコミュニケーションズ(株),イーサネットワーク回線使用料等,328000000,-,-
64,A.,5,6010401024970,日立キャピタル(株),事前旅客情報システムの機器更新に係るハードウェア機器等一式,139000000,-,-
64,A.,6,8010401021784,ＮＥＣキャピタルソリューション(株),指紋照合システム用業務ソフトウェア一式,128000000,-,-
64,A.,7,7010401022916,日本電気(株),乗員上陸許可支援システム運用支援業務,99000000,1,99.3
64,A.,8,6010401015821,東京センチュリー(株),入国管理局通信ネットワークシステムにおける端末等一式,79000000,-,-
64,A.,9,7010401006126,沖電気工業(株),査証サーバシステム改修作業等一式,55000000,1,99.9
64,A.,10,7010401052137,東芝ソリューション(株),外国人出入国記録画像照会システム用機器等一式,48000000,-,-
64,C.,1,8011001104582,(株)もしもしホットライン,外国人出入国情報システムデータ入力業務請負,150000000,2,79.7
64,C.,2,9011001029944,りらいあコミュニケーションズ(株),データ入力業務委託料,143000000,2,79.7
64,C.,3,9040001044645,成田国際空港(株),空調・換気料,49000000,随意契約（その他）,100
64,C.,4,5200001001939,(株)コームラ,タイトルシート作成委託,20000000,2,94.1
64,C.,5,6010701025710,(株)日立システムズ,インクカートリッジ等購入,20000000,2,81.8
64,C.,6,2010001043648,コニカミノルタビジネスソリューションズ(株),複写機保守,16000000,3,35.4
64,C.,7,6370001021309,(株)東武,外国人出入国情報システムデータ入力業務委託契約,11000000,4,68.4
64,C.,8,1500001000617,(株)ウイン,データ入力業務委託,10000000,2,63.7
64,C.,9,7010401022916,日本電気(株),システム関連設置工事等,9000000,随意契約（その他）,100
64,C.,10,8010005017519,パナソニックシステムソリューションズジャパン(労組),パスポートリーダ移設作業,9000000,随意契約（その他）,100
65,A.,1,6010401024970,日立キャピタル(株),外国人出入国情報システムセンタ機器賃貸借料,2087000000,-,-
65,A.,2,7010001008844,(株)日立製作所,外国人出入国情報システムに係る運用支援,502000000,1,99.8
65,A.,3,2010001033475,(株)ＪＥＣＣ,外国人出入国情報システム用審査端末機器等借料,492000000,-,-
66,A.,1,9140001023069,(株)野村総研,領事業務最適化計画推進コンサルティング業務,30000000,随意契約（その他）,0
66,A.,2,1010001143390,(株)ＮＴＴデータ経営研究所,次世代旅券開発の委託調査,29000000,随意契約（企画競争）,92.6
66,B.,1,1020001071491,富士通(株),旅券データバックアップ(統合プラットフォーム対応）経費,17000000,随意契約（その他）,0
66,B.,1,1020001071491,富士通(株),外交・公用旅券ＤＬ申請書PDF化改修,33000000,随意契約（その他）,0
66,B.,1,1020001071491,富士通(株),台湾新査証ネットワーク設定,24000000,随意契約（その他）,0
66,B.,1,1020001071491,富士通(株),領事業務情報システム（査証システム統合に伴う統合プラットフォームの改修）,250000000,随意契約（その他）,0
66,B.,1,1020001071491,富士通(株),ダウンロード申請書改修,39000000,随意契約（その他）,0
66,B.,2,7010401006126,沖電気工業(株),査証事務支援システム機能追加対応,36000000,随意契約（その他）,0
66,B.,2,7010401006126,沖電気工業(株),査証事務支援システム（BLチェック改修対応）,21000000,随意契約（その他）,0
66,B.,2,7010401006126,沖電気工業(株),領事業務情報システム（査証システム統合に係る開発経費）,174000000,随意契約（企画競争）,99.9
66,B.,3,2020001043507,富士ソフト(株),たびレジ・ORR機能追加（簡易登録他）,15000000,随意契約（その他）,0
66,B.,4,9011101031552,ＫＤＤＩ(株),査証システム展開に伴う作業（第二期）,13000000,随意契約（その他）,0
66,C.,1,6010401015821,東京センチュリー(株),【国庫債務】領事業務情報システム（第１期）端末等に係る機器借料保守,281000000,1,99.3
66,C.,1,6010401015821,東京センチュリー(株),【国庫債務】領事業務情報システム（査証システム統合のためのサーバ等に係る賃貸借・保守）,34000000,随意契約（その他）,0
66,C.,1,6010401015821,東京センチュリー(株),平成20年度調達領政PC（49台）再リース,690000,1,96.5
66,C.,1,6010401015821,東京センチュリー(株),【国庫債務】領事業務情報システム（第１期）サーバ等に係る機器借料保守,801000000,1,83.6
66,C.,1,6010401015821,東京センチュリー(株),平成21年度調達領政PC（31台）再リース,80000,2,30.7
66,C.,2,7010401006126,沖電気工業(株),【国庫債務】領事業務情報システム（第２期）端末に係る機器等賃貸借保守,411000000,1,99.3
66,C.,3,7010601037788,リコーリース(株),平成22年度調達領政PC（160台）再リース,480000,2,51
66,C.,3,7010601037788,リコーリース(株),平成20年度調達領政PC（65台）再リース,220000,2,93
66,D.,1,1020001071491,富士通(株),領政パソコンのバージョンアップ対応支援,6000000,随意契約（その他）,0
66,D.,1,1020001071491,富士通(株),領事業務情報システム（統合保守契約）,132000000,随意契約（公募）,0
66,D.,1,1020001071491,富士通(株),【国庫債務】領事業務情報システム（統合運用契約）,155000000,2,96
66,D.,1,1020001071491,富士通(株),領事データ管理システム保守運用支援,51000000,随意契約（その他）,0
66,D.,1,1020001071491,富士通(株),査証事務支援システム（出入国履歴検索端末設置）,4000000,随意契約（その他）,0
66,D.,2,2020001043507,富士ソフト(株),たびレジ・在留届電子届出システム運用・保守支援,5000000,随意契約（その他）,0
66,D.,2,2020001043507,富士ソフト(株),たびレジ・在留届電子届出システム機能追加（企業連携）,8000000,随意契約（その他）,0
66,D.,2,2020001043507,富士ソフト(株),在留届電子届出システムアプリ運用,9000000,随意契約（その他）,0
66,D.,2,2020001043507,富士ソフト(株),【国庫債務】在留届電子届出システム運用保守,18000000,随意契約（その他）,0
66,D.,2,2020001043507,富士ソフト(株),在留届電子届出システム超過者メール対応支援,7000000,随意契約（その他）,0
66,E.,1,2020001043507,富士ソフト(株),【国庫債務】在留届電子届出システム等用クラウドサービス利用及び保守,115000000,随意契約（企画競争）,97.3
66,F.,2,7010401110076,ソフトバンクモバイルサービス(株),領事業務情報システム回線経費,15000000,2,11.4
67,A.,1,6010401015821,東京センチュリー(株),予算編成支援システムの機器（サーバ、端末機、プリンタ等）の賃貸借（27年度国庫債務負担行為）,988000000,1,99.5
67,B.,1,1020001071491,富士通(株),予算編成支援システムの維持管理業務,949000000,1,0
67,C.,1,9010001142187,昭和リース(株),予算編成支援システムの機器（サーバ、端末機、プリンタ等）の賃貸借（23年度国庫債務負担行為）,190000000,-,0
67,D.,1,7010001064648,ＮＴＴコミュニケーションズ(株),財務省・データセンタ間の専用回線使用料,48000000,随意契約（その他）,0
67,E.,1,2011101061853,ＴＩＳ(株),予算編成支援システム刷新に係る調査研究等業務,45000000,1,0
67,F.,1,8010001036398,(株)秋山商会,プリンタートナー等の購入,16000000,2,98.9
67,G.,1,1010401059138,(株)インターフュージョン・コンサルティング,システムの調達に係る支援等、システム運用に係る各種支援業務,14000000,2,0
67,H.,1,8011101028104,東日本電信電話(株),財務省・政府関係機関間等の専用回線使用料,2000000,随意契約（その他）,0
68,A.,1,9010601021385,(株)ＮＴＴデータ,マルチペイメントネットワークに係るセキュリティモジュールライセンス取得,300000,随意契約（その他）,0
68,A.,1,9010601021385,(株)ＮＴＴデータ,マルチペイメントネットワーク接続試験,100000,随意契約（その他）,0
68,A.,1,9010601021385,(株)ＮＴＴデータ,官庁会計システム用機器(環境Ⅰ)の賃貸借(23年度国庫債務負担行為）,2603000000,-,-
68,A.,1,9010601021385,(株)ＮＴＴデータ,官庁会計システム等のハード更新に伴う設計等及び機能追加に係る業務（27年度国庫債務負担行為）,2883000000,随意契約（その他）,99.5
68,A.,1,9010601021385,(株)ＮＴＴデータ,官庁会計システム等に係る保守管理業務(24年度国庫債務負担行為）,889000000,-,-
68,A.,1,9010601021385,(株)ＮＴＴデータ,官庁会計システム用機器(センター設備)の賃貸借(27年度国庫債務負担行為）,219000000,1,93.3
68,A.,1,9010601021385,(株)ＮＴＴデータ,平成27年度官庁会計システム等の機能追加に係る業務,126000000,1,0
68,A.,1,9010601021385,(株)ＮＴＴデータ,電算機械室等の賃貸借（23年度国庫債務負担行為）,101000000,-,-
68,A.,1,9010601021385,(株)ＮＴＴデータ,官庁会計システム用機器(環境Ⅱ)の賃貸借(23年度国庫債務負担行為）,67000000,-,-
68,A.,1,9010601021385,(株)ＮＴＴデータ,官庁会計システムの電算機械室等の提供（27年度国庫債務負担行為）,13000000,1,99.8
68,A.,1,9010601021385,(株)ＮＴＴデータ,マルチペイメントネットワーク共通ソフトウェアの保守,4000000,随意契約（その他）,100
68,A.,1,9010601021385,(株)ＮＴＴデータ,マルチペイメントネットワーク接続試験ツールの保守,400000,随意契約（その他）,0
68,B.,1,6010401015821,東京センチュリー(株),歳入金電子納付システム用機器の賃貸借（24年度国庫債務負担行為）,344000000,-,-
68,B.,1,6010401015821,東京センチュリー(株),官庁会計システム用機器(環境Ⅲ)の賃貸借(23年度国庫債務負担行為）,37000000,-,-
68,C.,1,7010001064648,ＮＴＴコミュニケーションズ(株),特定外部システムとの接続に係る回線等の提供,12000000,-,-
68,C.,1,7010001064648,ＮＴＴコミュニケーションズ(株),監視支援機器接続用回線等の提供,4000000,随意契約（その他）,-
68,C.,1,7010001064648,ＮＴＴコミュニケーションズ(株),センター間接続用回線等の提供（官庁会計システム用）,11000000,1,99
68,C.,1,7010001064648,ＮＴＴコミュニケーションズ(株),センター間接続用回線等の提供,50000000,-,-
68,C.,1,7010001064648,ＮＴＴコミュニケーションズ(株),マルチペイメントネットワーク接続用回線の提供,3000000,随意契約（その他）,-
68,D.,1,2011101056358,(株)ＮＴＴデータ・アイ,官庁会計システムの操作説明に係る操作支援業務(24年度国庫債務負担行為）,63000000,-,-
68,E.,1,7010401006126,沖電気工業(株),官庁会計システム等のハード更新等に係るプロジェクト管理等支援業務（26年度国庫債務負担行為）,27000000,-,-
68,E.,2,8010001036398,(株)秋山商会,磁気テープの購入等,15000000,1,0
68,E.,3,4010001095076,(株)ファイブドライブ,官庁会計システム等のシステム監査の請負業務,6000000,2,49.7
68,E.,4,4010401065760,(株)ワンビシアーカイブズ,磁気テープ等の保管等業務,2000000,1,0
68,E.,5,4021001041770,ファイナンスプリント(株),操作説明会等に係るテキスト印刷等,900000,2,0
68,E.,6,8030001022801,(株)ＢＧＳ,磁気テープの購入等,300000,3,76.4
68,E.,7,1020001071491,富士通(株),ファイル転送ミドルウェアの取得及び保守,100000,随意契約（少額）,0
68,E.,8,,日本マルチペイメントネットワーク運営機構,マルチペイメントネットワークに係る仕様開示利用料,100000,随意契約（その他）,0
68,E.,9,5010401017488,(株)第一文眞堂,操作説明会用ワイヤレスマイク等の購入,0,随意契約（少額）,0
69,A.,1,6010001055730,(株)文祥堂,ＫＳＫシステムの運用のためのサーバ等用ソフトウェアのレンタル料(26年度国庫債務負担行為),1892000000,-,-
69,A.,1,6010001055730,(株)文祥堂,ＫＳＫシステムの運用のためのサーバ等のレンタル料等（他４３件）（内、23年度国庫債務負担行為4件、24年度国庫債務負担行為2件、25年度国庫債務負担行為2件、26年度国庫債務負担行為15件、27年度国庫債務負担行為5件）,3115000000,-,-
69,A.,1,6010001055730,(株)文祥堂,ＫＳＫシステムの運用のためのサーバ等用ソフトウェアのレンタル料(26年度国庫債務負担行為),654000000,-,-
69,A.,1,6010001055730,(株)文祥堂,ＫＳＫシステムの運用のためのホスト機器のレンタル料(26年度国庫債務負担行為),903000000,-,-
69,A.,1,6010001055730,(株)文祥堂,ＫＳＫシステムの運用のためのサーバ等のレンタル料（契約延長）,972000000,随意契約（その他）,0
69,A.,1,6010001055730,(株)文祥堂,ＫＳＫシステムの運用のためのホスト機器のレンタル料(26年度国庫債務負担行為),430000000,-,-
69,A.,2,,(株)日立製作所、日立キャピタル(株),ＫＳＫシステムの運用のための個人・法人関連情報システム用サーバ等のレンタル料（24年度国庫債務負担行為）,448000000,-,-
69,A.,2,,(株)日立製作所、日立キャピタル(株),ＫＳＫシステムの運用のための少額投資非課税口座管理システム用サーバ等のレンタル料等（他6件）（内、24年度国庫債務負担行為1件、25年度国庫債務負担行為3件、26年度国庫債務負担行為2件）,697000000,-,-
69,A.,2,,(株)日立製作所、日立キャピタル(株),ＫＳＫシステムの運用のためのホスト機器のレンタル料(26年度国庫債務負担行為),3872000000,-,-
69,A.,2,,(株)日立製作所、日立キャピタル(株),ＫＳＫシステムの運用のための資料調査及び財産評価システム用サーバ等のレンタル料(26年度国庫債務負担行為),531000000,-,-
69,A.,2,,(株)日立製作所、日立キャピタル(株),ＫＳＫシステムの運用のためのホスト機器のレンタル料(26年度国庫債務負担行為),1506000000,-,-
69,A.,2,,(株)日立製作所、日立キャピタル(株),ＫＳＫシステムの運用のための課税検索、資料調査及び財産評価システム用サーバ等のレンタル料(26年度国庫債務負担行為),280000000,-,-
69,A.,3,7010401022916,日本電気(株),ＫＳＫシステムの運用のためのホスト機器のレンタル料(26年度国庫債務負担行為),20000000,-,-
69,A.,3,7010401022916,日本電気(株),ＫＳＫシステムの運用のためのホスト機器のレンタル料(26年度国庫債務負担行為),3640000000,-,-
69,A.,3,7010401022916,日本電気(株),ＫＳＫシステムの運用のためのホスト機器のレンタル料(26年度国庫債務負担行為),1422000000,-,-
69,A.,4,,(株)シーイーシー、三菱ＵＦＪリース(株),ＫＳＫシステムの運用のための徴収システムサーバ等のレンタル料(26年度国庫債務負担行為),465000000,-,-
69,A.,5,,(株)富士通エフサス、東京センチュリーリース(株),ＫＳＫシステムの運用のためのネットワーク機器等のレンタル料(26年度国庫債務負担行為),1000000,-,-
69,A.,5,,(株)富士通エフサス、東京センチュリーリース(株),ＫＳＫシステムの運用のためのネットワーク機器等のレンタル料(27年度国庫債務負担行為),44000000,4,0
69,A.,5,,(株)富士通エフサス、東京センチュリーリース(株),ＫＳＫシステムの運用のためのネットワーク機器等のレンタル料(契約延長),182000000,随意契約（その他）,0
69,A.,6,,ソフトバンク(株)、シスコシステムズキャピタル(株),ＫＳＫシステムの運用のためのネットワーク機器等のレンタル料（契約延長）,62000000,随意契約（その他）,0
69,A.,6,,ソフトバンク(株)、シスコシステムズキャピタル(株),ＫＳＫシステムの運用のためのネットワーク機器等のレンタル料(27年度国庫債務負担行為),15000000,2,0
69,A.,7,5290801002046,(株)ゼンリン,ＫＳＫシステムの運用のための財産評価システムサーバ等用ソフトウェアのレンタル料（25年度国庫債務負担行為）,50000000,-,-
69,A.,8,,キヤノンＩＴソリューションズ(株)、芙蓉総合リース(株),ＫＳＫシステムの運用のための非課税貯蓄限度額管理、税理士、審理室、鑑定、税理士試験システム用サーバ等のレンタル料(26年度国庫債務負担行為),47000000,-,-
69,A.,9,5010001006767,(株)富士通マーケティング,ＫＳＫシステム運用のための事務管理センターＬＡＮ用サーバー等のレンタル料（24年度国庫債務負担行為）,7000000,-,-
69,A.,10,5110001004686,(株)ＢＳＮアイネット,ＫＳＫシステムの運用のための財産評価システムサーバ等のレンタル料（25年度国庫債務負担行為）,6000000,-,-
69,B.,1,6010001055730,(株)文祥堂,ＫＳＫシステムのシステム開発及び改修,337000000,1,0
69,B.,1,6010001055730,(株)文祥堂,ＫＳＫシステムのシステム開発及び改修,608000000,1,0
69,B.,1,6010001055730,(株)文祥堂,ＫＳＫシステムの機器更改に伴う一時費用,201000000,1,0
69,B.,1,6010001055730,(株)文祥堂,ＫＳＫシステムの運用支援（26年度国庫債務負担行為）,345000000,-,-
69,B.,1,6010001055730,(株)文祥堂,ＫＳＫシステムのシステム開発及び改修等（他16件）（内、26年度国庫債務負担行為6件）,237000000,-,-
69,B.,1,6010001055730,(株)文祥堂,ＫＳＫシステムの運用支援(27年度国庫債務負担行為),1037000000,1,0
69,B.,2,,(株)日立製作所、日立キャピタル(株),ＫＳＫシステムの機器更改に伴う一時費用（26年度国庫債務負担行為）,310000000,-,-
69,B.,2,,(株)日立製作所、日立キャピタル(株),ＫＳＫシステムの機器更改に伴う一時費用（26年度国庫債務負担行為）,95000000,-,-
69,B.,2,,(株)日立製作所、日立キャピタル(株),ＫＳＫシステムの機器更改に伴う一時費用,5000000,随意契約（その他）,0
69,B.,3,4010001054032,(株)野村総合研究所,ＫＳＫシステムに係るアドバイザー（工程管理）,207000000,1,0
69,B.,4,7010401022973,日本電算企画(株),ＫＳＫシステム機器のオペレータ（26年度国庫債務負担行為）,15000000,-,-
69,B.,4,7010401022973,日本電算企画(株),ＫＳＫシステム機器のオペレータ(27年度国庫債務負担行為),69000000,3,0
69,B.,4,7010401022973,日本電算企画(株),ＫＳＫシステムの運用支援(27年度国庫債務負担行為),50000000,2,0
69,B.,4,7010401022973,日本電算企画(株),ＫＳＫシステムのデータ管理要員,26000000,2,0
69,B.,4,7010401022973,日本電算企画(株),ＫＳＫシステム機器のオペレータ（26年度国庫債務負担行為）,23000000,-,-
69,B.,5,1011101009465,情報技術開発(株),ＫＳＫシステム機器のオペレータ(27年度国庫債務負担行為),41000000,3,0
69,B.,5,1011101009465,情報技術開発(株),ＫＳＫシステムの運用支援（26年度国庫債務負担行為）,17000000,-,-
69,B.,5,1011101009465,情報技術開発(株),ＫＳＫシステム機器のオペレータ（26年度国庫債務負担行為）,25000000,-,-
69,B.,5,1011101009465,情報技術開発(株),ＫＳＫシステム機器のオペレータ(27年度国庫債務負担行為),71000000,3,0
69,B.,6,2010601032678,(株)ＮＴＴデータＳＭＳ,ＫＳＫシステム機器のオペレータ(27年度国庫債務負担行為),104000000,随意契約（その他）,0
69,B.,6,2010601032678,(株)ＮＴＴデータＳＭＳ,ＫＳＫシステム機器のオペレータ（26年度国庫債務負担行為）,34000000,-,-
69,B.,7,7010001049087,大成有楽不動産(株),事務管理センターの施設管理・運営業務（26年度国庫債務負担行為）,138000000,-,-
69,B.,8,6010001107003,ＥＹアドバイザリー(株),ＫＳＫシステムに係るアドバイザー（刷新計画）(27年度国庫債務負担行為),108000000,2,0
69,B.,9,2010401092245,日本マイクロソフト(株),ＫＳＫシステムに係るアドバイザー（調達支援）,97000000,1,0
69,B.,10,7010401022916,日本電気(株),ＫＳＫシステムの機器更改に伴う一時費用（26年度国庫債務負担行為）,96000000,-,-
69,C.,1,1010001008825,東京電力ホールディングス(株),ＫＳＫシステムの運用のための電気料,230000000,随意契約（その他）,0
69,C.,2,4000020112275,朝霞市,ＫＳＫシステムの運用のための水道料,2000000,随意契約（その他）,0
69,C.,3,5120101041728,冨尾石油(株),ＫＳＫシステムの運用のための燃料費,40000,随意契約（少額）,0
69,C.,4,3030001056382,大東ガス(株),ＫＳＫシステムの運用のためのガス料,10000,随意契約（その他）,0
69,D.,1,1010001108872,(株)クマヒラ,事務管理センター入退館装置の購入,22000000,2,0
69,D.,2,2010801012579,(株)リコー,事務管理センター入退室管理システムの購入,12000000,3,0
69,D.,3,2120001002403,(株)橋詰電気工業所,バックアップセンターで使用する無停電電源設備用蓄電池の購入,10000000,11,0
69,D.,4,6011001035920,セコム(株),国税局マシン室入退室管理システムの購入,900000,4,0
69,D.,4,6011001035920,セコム(株),バックアップセンター入退室管理システムの購入,4000000,5,0
69,D.,5,8010401056384,(株)富士通エフサス,国税局マシン室入退室管理システム及び監視カメラの購入,5000000,1,0
69,D.,6,9120001014301,(株)イトーキ,国税局マシン室入退室管理システム及び監視カメラの購入,4000000,4,0
69,D.,7,7020001077145,富士通ネットワークソリューションズ(株),国税局マシン室入退室管理システムの購入,1000000,4,0
69,D.,8,6120001072913,ジャトー(株),国税局マシン室監視カメラの購入,1000000,6,0
69,D.,9,9010401032062,ローレルバンクマシン(株),国税局マシン室監視カメラの購入,400000,随意契約（少額）,0
69,D.,10,6011101030094,(株)イワナシ,媒体管理機器の購入,300000,随意契約（少額）,0
70,A.,1,,(株)文祥堂、キヤノンマーケティングジャパン(株)、東芝ソリューション(株)、日本アイ・ビー・エム(株)、日本電気(株)、(株)日立製作所,番号制度導入に伴うＫＳＫシステムの開発及び改修（26年度国庫債務負担行為）,1729000000,-,-
70,A.,2,7010001008844,(株)日立製作所,番号制度導入に伴うＫＳＫシステムの開発及び改修,333000000,1,0
70,A.,2,7010001008844,(株)日立製作所,共通番号管理システムの設計及び開発（25年度国庫債務負担行為）,109000000,-,-
70,A.,2,7010001008844,(株)日立製作所,番号制度導入に伴うＫＳＫシステムの開発及び改修（26年度国庫債務負担行為）,1145000000,-,-
70,A.,3,2000012020001,総務省,法人番号システムの政府共通プラットフォーム利用分担金（26年度国庫債務負担行為）,513000000,-,-
70,A.,4,6010001055730,(株)文祥堂,番号制度導入に伴うＫＳＫシステムの運用支援（26年度国庫債務負担行為）,9000000,-,-
70,A.,4,6010001055730,(株)文祥堂,番号制度導入に伴うＫＳＫシステム機器導入一時費用（26年度国庫債務負担行為）,119000000,-,-
70,A.,4,6010001055730,(株)文祥堂,番号制度導入に伴うＫＳＫシステムの開発及び改修,193000000,1,0
70,A.,4,6010001055730,(株)文祥堂,番号制度導入に伴うＫＳＫシステムの開発及び改修（26年度国庫債務負担行為）,75000000,-,-
70,A.,4,6010001055730,(株)文祥堂,共通番号管理システムの運用支援（27年度国庫債務負担行為）,72000000,1,0
70,A.,4,6010001055730,(株)文祥堂,番号制度導入に伴うＫＳＫシステムの開発及び改修,38000000,随意契約（その他）,0
70,A.,5,9010601021385,(株)ＮＴＴデータ,番号制度導入に伴うe-Taxの開発及び改修（26年度国庫債務負担行為）,504000000,-,-
70,A.,6,1020001071491,富士通(株),法人番号システムの設計及び開発（25年度国庫債務負担行為）,238000000,-,-
70,A.,7,7010501016231,凸版印刷(株),法人番号の通知業務（区分３）（27年度国庫債務負担行為）,44000000,5,0
70,A.,7,7010501016231,凸版印刷(株),法人番号の通知業務（区分１）,37000000,8,0
70,A.,7,7010501016231,凸版印刷(株),法人番号の通知業務（区分２）,37000000,8,0
70,A.,8,4010001054032,(株)野村総合研究所,法人番号システム等に係る工程管理支援業務（27年度国庫債務負担行為）,114000000,2,0
70,A.,9,2010601032678,(株)ＮＴＴデータＳＭＳ,共通番号管理システムのオペレータ（27年度国庫債務負担行為）,11000000,随意契約（その他）,0
70,A.,10,3010005022218,地方公共団体情報システム機構,法人番号システムに係る住所コードデータの提供,300000,随意契約（その他）,0
70,A.,10,3010005022218,地方公共団体情報システム機構,共通番号管理システムに係る本人確認情報の提供,10000000,随意契約（その他）,0
70,B.,1,,(株)日立製作所、日立キャピタル(株),番号制度導入に伴うＫＳＫシステム用機器のレンタル料（26年度国庫債務負担行為）,273000000,-,-
70,B.,1,,(株)日立製作所、日立キャピタル(株),共通番号管理システム用機器のレンタル料（26年度国庫債務負担行為）,1403000000,-,-
70,B.,2,,富士通(株)、(株)ＪＥＣＣ,法人番号システム用機器のレンタル料（26年度国庫債務負担行為）,336000000,-,-
70,B.,3,6010001055730,(株)文祥堂,番号制度導入に伴うＫＳＫシステム用機器のレンタル料（26年度国庫債務負担行為）,38000000,-,-
70,C.,1,5010001112697,日本郵政(株),法人番号の通知等に係る郵送費用,330000000,随意契約（その他）,0
70,D.,1,9010401052465,ソフトバンク(株),共通番号管理システムに係る通信回線使用料（26年度国庫債務負担行為）,22000000,-,-
70,D.,1,9010401052465,ソフトバンク(株),法人番号システムに係る通信回線使用料（26年度国庫債務負担行為）,11000000,-,-
70,D.,2,7010501016231,凸版印刷(株),法人番号の通知業務に係る通信回線使用料（27年度国庫債務負担行為）,2000000,5,0
70,E.,1,6050001023774,(株)日立産業制御ソリューションズ,法人番号システム端末室の入退室管理装置の購入,1000000,随意契約（少額）,0
70,E.,2,5120101040102,(株)平善,番号制度導入に伴う事務室用物品の購入（大阪）,700000,6,0
70,F.,1,8010001065967,(株)ローヤル企画,法人番号に関するリーフレット,2000000,4,0
71,A.,1,9010601021385,(株)ＮＴＴデータ,e-Taxの運用のためのセンターサーバの機器更改に伴う一時費用（27年度国庫債務負担行為）,798000000,随意契約（その他）,0
71,A.,1,9010601021385,(株)ＮＴＴデータ,e-Taxのシステム開発費（最適化長期計画に係る開発）（26年度国庫債務負担行為）,130000000,-,-
71,A.,1,9010601021385,(株)ＮＴＴデータ,マルチペイメントネットワークのソフトウェアの使用料（他４件）,64000000,-,-
71,A.,1,9010601021385,(株)ＮＴＴデータ,e-Taxのシステム開発費,1372000000,随意契約（その他）,0
71,A.,1,9010601021385,(株)ＮＴＴデータ,e-Taxのシステム運用支援要員の人件費（27年度国庫債務負担行為）,703000000,1,0
71,A.,1,9010601021385,(株)ＮＴＴデータ,e-Taxのシステム運用支援要員の人件費（26年度国庫債務負担行為）,218000000,-,-
71,A.,2,1010601027646,富士ソフトサービスビューロ(株),e-Tax利用者のための庁ヘルプデスクのオペレータ（23年度国庫債務負担行為）,33000000,-,-
71,A.,2,1010601027646,富士ソフトサービスビューロ(株),e-Tax利用者のための庁ヘルプデスクのオペレータ（26年度国庫債務負担行為）,479000000,-,-
71,A.,3,9011101031552,ＫＤＤＩ(株),確定申告会場で使用する作成コーナーパソコンの初期設定業務,129000000,1,0
71,A.,4,2010601032678,(株)ＮＴＴデータＳＭＳ,e-Taxセンター機器のオペレータの人件費（27年度国庫債務負担行為）,82000000,随意契約（その他）,0
71,A.,4,2010601032678,(株)ＮＴＴデータＳＭＳ,e-Taxセンター機器のオペレータの人件費（26年度国庫債務負担行為）,25000000,-,-
71,A.,5,4010001054032,(株)野村総合研究所,e-Taxのシステム運用に係る工程管理支援業務,85000000,2,0
71,A.,6,8010601034867,東芝クライアントソリューション(株),確定申告会場等のＬＡＮ配線の敷設、パソコン等の設定業務,9000000,1,0
71,A.,6,8010601034867,東芝クライアントソリューション(株),確定申告会場で使用するパソコン等の設定業務,8000000,2,0
71,A.,6,8010601034867,東芝クライアントソリューション(株),確定申告会場等のＬＡＮ配線の敷設業務（他３件）,14000000,-,-
71,A.,6,8010601034867,東芝クライアントソリューション(株),確定申告会場で使用するパソコン等の設定業務,8000000,3,0
71,A.,6,8010601034867,東芝クライアントソリューション(株),確定申告会場等のＬＡＮ配線の敷設、パソコン等の設定業務,10000000,2,0
71,A.,6,8010601034867,東芝クライアントソリューション(株),確定申告会場等のパソコン等の設定業務,11000000,3,0
71,A.,7,7010001064648,ＮＴＴコミュニケーションズ(株),確定申告会場で使用するインターネット回線の導入費用,0,随意契約（少額）,0
71,A.,7,7010001064648,ＮＴＴコミュニケーションズ(株),確定申告会場のインターネット環境用サーバの運用支援要因の人件費（23年度国庫債務負担行為）,53000000,-,-
71,A.,8,5010001006767,(株)富士通マーケティング,確定申告会場で使用するインターネット回線の導入費用,4000000,2,0
71,A.,8,5010001006767,(株)富士通マーケティング,確定申告会場で使用するパソコン等の設定業務,37000000,2,0
71,A.,9,7120001077523,西日本電信電話(株),確定申告会場で使用するインターネット回線の導入、ＬＡＮ配線の敷設等業務,33000000,1,0
71,A.,10,1011101009465,情報技術開発(株),e-Taxセンター機器のオペレータの人件費（27年度国庫債務負担行為）,32000000,3,0
71,B.,1,9010601021385,(株)ＮＴＴデータ,e-Taxの運用のためのセンターサーバ（本番・検証環境）のレンタル料（22年度国庫債務負担行為）,2375000000,-,-
71,B.,1,9010601021385,(株)ＮＴＴデータ,e-Taxの運用のためのソフトウェア（試験・検証環境）のレンタル料（26年度国庫債務負担行為）（他５件）,15000000,-,-
71,B.,1,9010601021385,(株)ＮＴＴデータ,e-Taxの運用のための税務署サーバ（本番・検証環境）のレンタル料（22年度国庫債務負担行為）,73000000,-,-
71,B.,1,9010601021385,(株)ＮＴＴデータ,e-Taxの運用のためのソフトウェア（本番環境）のレンタル料（26年度国庫債務負担行為）,96000000,-,-
71,B.,1,9010601021385,(株)ＮＴＴデータ,e-Taxの運用のためのセンターサーバ（開発・試験環境）のレンタル料（21年度国庫債務負担行為）,247000000,-,-
71,B.,1,9010601021385,(株)ＮＴＴデータ,e-Taxの運用のためのソフトウェア（本番・検証環境）のレンタル料（22年度国庫債務負担行為）,261000000,-,-
71,B.,2,,(株)富士通エフサス、東京センチュリーリース(株),e-Taxの運用のための通信機器のレンタル料（23年度国庫債務負担行為）,2000000,-,-
71,B.,2,,(株)富士通エフサス、東京センチュリーリース(株),e-Taxの運用のためのネットワーク機器（本番・検証環境）のレンタル料（22年度国庫債務負担行為）,160000000,-,-
71,B.,3,,富士電機ＩＴソリューション(株)、(株)ＪＥＣＣ,確定申告会場で使用する作成コーナーパソコンのレンタル料（23年度国庫債務負担行為）,84000000,-,-
71,B.,4,,ＫＤＤＩ(株)、ＮＴＴファイナンス(株),確定申告会場で使用する作成コーナーパソコンのレンタル料（25年度国庫債務負担行為）,24000000,-,-
71,B.,5,6010001055730,(株)文祥堂,確定申告会場で使用する作成コーナープリンタのレンタル料（27年度国庫債務負担行為）,4000000,随意契約（その他）,0
71,B.,5,6010001055730,(株)文祥堂,確定申告会場で使用する作成コーナープリンタのレンタル料（26年度国庫債務負担行為）,14000000,-,-
71,B.,6,1010601027646,富士ソフトサービスビューロ(株),e-Tax利用者のための庁ヘルプデスクの施設借料（23年度国庫債務負担行為）,3000000,-,-
71,B.,6,1010601027646,富士ソフトサービスビューロ(株),e-Tax利用者のための庁ヘルプデスクの施設借料（26年度国庫債務負担行為）,10000000,-,-
71,B.,7,6010401015821,東京センチュリー(株),e-Taxの運用のための再編成・統合用（開発・試験環境）ネットワーク機器のレンタル料（21年度国庫債務負担行為）,10000000,-,-
71,B.,8,,(株)ラック、オリックス(株),e-Taxの運用のための不正アクセス検知機器のレンタル料（23年度国庫債務負担行為）,10000000,-,-
71,B.,9,1010401063569,広友イノテックス(株),e-Tax研修会で使用するパソコン及びモバイル通信端末のレンタル料,2000000,1,0
71,B.,9,1010401063569,広友イノテックス(株),確定申告会場で使用するパソコン及びモバイル通信端末のレンタル料,6000000,2,0
71,B.,10,7010001064648,ＮＴＴコミュニケーションズ(株),確定申告会場のインターネット環境用サーバのレンタル料（23年度国庫債務負担行為）,5000000,-,-
71,C.,1,7010001064648,ＮＴＴコミュニケーションズ(株),マルチペイメントネットワーク回線（試験用）使用料,3000000,随意契約（その他）,0
71,C.,1,7010001064648,ＮＴＴコミュニケーションズ(株),庁ヘルプデスクのナビダイヤル通話料,33000000,随意契約（その他）,0
71,C.,1,7010001064648,ＮＴＴコミュニケーションズ(株),確定申告書会場のインターネット回線使用料（他６件）,0,-,-
71,C.,1,7010001064648,ＮＴＴコミュニケーションズ(株),確定申告書会場のインターネット回線使用料,0,随意契約（少額）,0
71,C.,1,7010001064648,ＮＴＴコミュニケーションズ(株),確定申告書会場のインターネット回線プロバイダ料,100000,随意契約（少額）,0
71,C.,1,7010001064648,ＮＴＴコミュニケーションズ(株),マルチペイメントネットワーク回線使用料,2000000,随意契約（その他）,0
71,C.,2,9011101031552,ＫＤＤＩ(株),マルチペイメントネットワーク回線使用料,3000000,随意契約（その他）,0
71,C.,2,9011101031552,ＫＤＤＩ(株),e-Taxのインターネット回線（試験用）使用料（23年度国庫債務負担行為）,2000000,-,-
71,C.,2,9011101031552,ＫＤＤＩ(株),e-Taxのインターネット本番回線使用料（26年度国庫債務負担行為）,20000000,-,-
71,C.,2,9011101031552,ＫＤＤＩ(株),マルチペイメントネットワーク回線（試験用）使用料,2000000,随意契約（その他）,0
71,C.,3,1010001067912,(株)ＮＴＴドコモ,e-Tax研修会場で使用するインターネット回線使用料,0,随意契約（その他）,0
71,C.,3,1010001067912,(株)ＮＴＴドコモ,確定申告書会場のインターネット回線使用料,2000000,随意契約（その他）,0
71,C.,3,1010001067912,(株)ＮＴＴドコモ,e-Tax研修会場で使用するモバイル通信端末の通信料,300000,随意契約（少額）,0
71,C.,3,1010001067912,(株)ＮＴＴドコモ,確定申告会場で使用するモバイル通信端末の通信料,10000000,1,0
71,C.,3,1010001067912,(株)ＮＴＴドコモ,確定申告書会場のインターネット回線使用料,100000,随意契約（その他）,0
71,C.,3,1010001067912,(株)ＮＴＴドコモ,確定申告会場で使用するモバイル通信端末の通信料,200000,随意契約（少額）,0
71,C.,4,2240001008454,日海通信工業(株),確定申告会場のインターネット回線導入費,12000000,2,0
71,C.,5,8010601034867,東芝クライアントソリューション(株),確定申告書会場のインターネット回線使用料等,11000000,1,0
71,C.,6,8011101028104,東日本電信電話(株),確定申告書会場のインターネット回線使用料,200000,随意契約（少額）,0
71,C.,6,8011101028104,東日本電信電話(株),e-Taxダウンロード用回線料,100000,随意契約（その他）,0
71,C.,6,8011101028104,東日本電信電話(株),e-Taxダウンロード用回線料,100000,随意契約（その他）,0
71,C.,6,8011101028104,東日本電信電話(株),庁ヘルプデスクのナビダイヤル回線使用料,5000000,随意契約（その他）,0
71,C.,6,8011101028104,東日本電信電話(株),確定申告書会場のインターネット回線使用料（他10件）,100000,-,-
71,C.,6,8011101028104,東日本電信電話(株),e-Taxホームページ更新用の回線料,100000,随意契約（その他）,0
71,C.,7,1120001049783,昭栄通信工業(株),確定申告書会場のインターネット回線使用料等,4000000,2,0
71,C.,8,2013101000205,ソフトバンク(株),e-Taxホームページ更新用のプロバイダ料,100000,随意契約（その他）,0
71,C.,8,2013101000205,ソフトバンク(株),e-Taxダウンロード用のプロバイダ料,300000,随意契約（その他）,0
71,C.,9,9013301016102,(株)ＮＴＴぷらら,確定申告会場で使用するモバイル通信端末の通信料,300000,随意契約（少額）,0
71,C.,10,7120001077523,西日本電信電話(株),確定申告書会場のインターネット回線使用料,100000,随意契約（少額）,0
71,D.,1,7010001012862,新生紙パルプ商事(株),確定申告会場で配付するe-Tax操作マニュアルの印刷用紙,23000000,7,0
71,D.,2,5180001091941,(株)ネッツ,確定申告会場で配付するe-Tax操作マニュアルの刷成,10000000,4,0
71,D.,3,8010001065967,(株)ローヤル企画,電子納税のお知らせチラシの刷成,1000000,4,0
71,D.,3,8010001065967,(株)ローヤル企画,電子納税のお知らせチラシの刷成,5000000,4,0
71,D.,4,4021001033074,文化堂印刷(株),e-Taxの利用に係るお知らせチラシの刷成,1000000,随意契約（少額）,0
71,D.,4,4021001033074,文化堂印刷(株),e-Taxの利用に係るお知らせチラシの刷成,2000000,随意契約（少額）,0
71,D.,4,4021001033074,文化堂印刷(株),e-Taxの利用に係るお知らせチラシの刷成,1000000,随意契約（少額）,0
71,D.,5,5010001067883,(株)アイネット,e-Taxの利用に係るお知らせチラシの刷成,3000000,3,0
71,D.,5,5010001067883,(株)アイネット,e-Taxの利用に係るお知らせチラシの刷成,100000,3,0
71,D.,6,5013101000342,不二オフセット(株),e-Taxの利用に係るお知らせチラシの刷成,1000000,随意契約（少額）,0
71,D.,7,4021001041770,ファイナンスプリント(株),e-Taxに係る事務要領の作成,1000000,2,0
71,D.,8,8380001000103,(株)阿部紙工,e-Taxの利用に係るお知らせチラシの刷成,400000,随意契約（少額）,0
71,D.,9,1180001002118,(株)新興印刷社,e-Taxの利用に係るお知らせチラシの刷成,400000,随意契約（少額）,0
71,D.,10,8360001002737,(株)東洋企画印刷,e-Taxの利用に係るお知らせチラシの刷成,300000,随意契約（少額）,0
71,E.,1,8010601034867,東芝クライアントソリューション(株),確定申告会場で使用するスイッチングハブの購入,400000,随意契約（少額）,0
71,E.,1,8010601034867,東芝クライアントソリューション(株),確定申告会場で使用するスイッチングハブの購入,1000000,随意契約（少額）,0
71,E.,2,2010001059074,(株)モリイチ,確定申告会場で使用する備品の購入,100000,随意契約（少額）,0
71,E.,3,6010601032609,ＮＴＴデータ・カスタマサービス(株),e-TaxＨＰ回線用機器のセキュリティソフトの購入,100000,随意契約（少額）,0
72,A.,1,1020001071491,富士通(株),国有財産総合情報管理システム改修に係る設計・開発業務,183000000,1,0
72,A.,1,1020001071491,富士通(株),国有財産総合情報管理システムの保守業務,237000000,1,0
72,A.,1,1020001071491,富士通(株),国有財産総合情報管理システムの運用業務,307000000,1,0
72,B.,1,6010401015821,東京センチュリー(株),国有財産総合情報管理システムに係るハードウェア等機器調達（国庫債務負担行為・平成２４年度入札）,761000000,-,-
72,C.,1,4010001095076,(株)ファイブドライブ,国有財産総合情報管理システムに係る情報セキュリティ監査業務,3000000,1,0
72,D.,1,5011101040706,トライコーン(株),国有財産物件情報メールマガジン配信サービス調達,300000,随意契約（少額）,0
72,E.,1,,日本マルチペイメントネットワーク運営機構,マルチペイメントネットワークに係る情報利用料,12348,随意契約（その他）,0
73,A.,1,9010601021385,(株)ＮＴＴデータ,CIS機能等機器更新に伴う開発（24年度国庫債務負担行為）,342000000,-,-
73,A.,1,9010601021385,(株)ＮＴＴデータ,次期通関情報総合判定システム設計・開発（27年度国庫債務負担行為）,1857000000,1,99.2
73,A.,1,9010601021385,(株)ＮＴＴデータ,海上貨物スクリーニングシステムの統合等に伴う統合端末ソフトウェアのプログラム変更（26年度国庫債務負担行為）,46000000,-,-
73,A.,1,9010601021385,(株)ＮＴＴデータ,保税業務機能改変等に係るCIS機能のプログラム変更（26年度国庫債務負担行為）,85000000,-,-
73,A.,1,9010601021385,(株)ＮＴＴデータ,海上貨物スクリーニングシステムの統合等に伴うCIS機能のプログラム変更（26年度国庫債務負担行為）,138000000,-,-
73,A.,2,2010701023164,ＰＣＩアイオス(株),海上貨物スクリーニングシステム業務データ抽出作業（26年度国庫債務負担行為）,1000000,-,-
73,B.,1,9010601021385,(株)ＮＴＴデータ,通関情報総合判定システム機器増設（26年度国庫債務負担行為）,11000000,-,-
73,C.,1,9010601021385,(株)ＮＴＴデータ,CIS機能等既設機器賃貸借（24年度国庫債務負担行為）,539000000,-,-
73,C.,2,8010401021784,ＮＥＣキャピタルソリューション(株),課税業務機能等（COMTIS・ACTIS機能）機器賃貸借（25年度国庫債務負担行為）,199000000,-,-
73,C.,2,8010401021784,ＮＥＣキャピタルソリューション(株),課税業務機能等（COMTIS・ACTIS機能）機器賃貸借（25年度国庫債務負担行為）,81000000,-,-
73,C.,3,9010001142187,昭和リース(株),住民基本台帳ネットワーク接続機能機器賃貸借（25年度国庫債務負担行為）,1000000,-,-
73,D.,1,9010601021385,(株)ＮＴＴデータ,CIS機能プログラム変更,34000000,1,0
73,D.,1,9010601021385,(株)ＮＴＴデータ,統合端末ソフトウェアのプログラム変更,8000000,1,0
73,D.,1,9010601021385,(株)ＮＴＴデータ,統合端末ソフトウェアのプログラム変更,8000000,随意契約（その他）,0
73,D.,1,9010601021385,(株)ＮＴＴデータ,CIS機能プログラム変更,9000000,随意契約（その他）,0
73,D.,1,9010601021385,(株)ＮＴＴデータ,統合端末ソフトウェアのプログラム変更,10000000,随意契約（その他）,0
73,D.,1,9010601021385,(株)ＮＴＴデータ,通関情報総合判定システム運用技術支援業務（25年度国庫債務負担行為）,152000000,-,-
73,D.,2,7010401022916,日本電気(株),課税業務機能等（COMTIS・ACTIS機能）運用技術支援業務（26年度国庫債務負担行為）,86000000,-,-
73,D.,2,7010401022916,日本電気(株),課税業務機能等（COMTIS・ACTIS機能）プログラム変更,11000000,1,0
73,D.,2,7010401022916,日本電気(株),課税業務機能等（COMTIS・ACTIS機能）プログラム変更,9000000,1,0
73,D.,3,8010501016536,ＴＩＳソリューションリンク(株),通関情報総合判定システム運用管理業務（26年度国庫債務負担行為）,29000000,-,-
73,D.,3,8010501016536,ＴＩＳソリューションリンク(株),通関情報総合判定システム運用管理業務（27年度国庫債務負担行為）,29000000,随意契約（その他）,0
73,D.,4,9010001087242,富士電機ＩＴソリューション(株),消耗品の購入,50000,随意契約（少額）,0
73,D.,4,9010001087242,富士電機ＩＴソリューション(株),消耗品の購入,600000,2,90.5
73,D.,5,4010401065760,(株)ワンビシアーカイブズ,情報記録媒体保管集配,400000,随意契約（少額）,0
73,D.,6,,日本マルチペイメントネットワーク運営機構,マルチペイメントネットワークに係る仕様開示,100000,随意契約（その他）,0
73,D.,7,2010801011481,ミズノ(株),ソフトウェアの購入,70000,随意契約（少額）,0
73,E.,1,1010001008825,東京電力ホールディングス(株),施設電気料,19000000,3,0
73,E.,2,6010801001719,(株)エバジツ,施設設備工事,19000000,5,66.1
73,E.,3,9011601001708,(株)菊池電気,施設設備工事,17000000,4,63.4
73,E.,4,9020001071492,富士電機(株),施設設備保守,2000000,1,0
73,E.,5,7013201017136,オムロンフィールドエンジニアリング(株),施設設備保守,1000000,随意契約（少額）,0
73,E.,6,8000020130001,東京都,施設水道料,800000,-,-
73,E.,6,8000020130001,東京都,施設ガス料,200000,-,-
73,E.,7,8011101028104,東日本電信電話(株),住民基本台帳ネットワーク回線使用料,400000,-,-
73,E.,8,8010001025236,(株)那須商会,施設産業廃棄物処理業務,40000,随意契約（少額）,0
73,F.,1,6010001030403,(株)三菱総合研究所,次期通関情報総合判定システムの調達及び設計・開発に係る業務支援（25年度国庫債務負担行為）,147000000,-,-
73,G.,1,7010401018377,(株)帝国データバンク,企業情報提供業務,13000000,随意契約（公募）,0
73,G.,2,3010005022218,地方公共団体情報システム機構,住民基本台帳ネットワークを利用した本人確認情報の提供,3000,随意契約（その他）,0
73,H.,1,1010401052844,九段ＰＦＩサービス(株),施設維持管理業務（27年度国庫債務負担行為）,63000000,-,-
73,I.,1,1020001071491,富士通(株),貿易統計機能（COSMOS機能）運用技術支援業務（25年度国庫債務負担行為）,146000000,-,-
73,I.,2,1010601027646,富士ソフトサービスビューロ(株),財務省電算機処理におけるデータの入力等業務,700000,1,0
73,I.,3,8030001022801,(株)ＢＧＳ,消耗品購入,200000,3,0
73,I.,4,8010001036398,(株)秋山商会,消耗品購入,200000,2,0
73,I.,5,4010401065760,(株)ワンビシアーカイブズ,電子計算機用磁気テープ等の保管等業務,100000,1,0
73,I.,6,6010001055730,(株)文祥堂,消耗品購入,6000,随意契約（少額）,0
73,J.,1,7010001064648,ＮＴＴコミュニケーションズ(株),貿易統計データ検索専用端末に係るインターネット回線使用料,60000,随意契約（その他）,0
73,K.,1,9010601021385,(株)ＮＴＴデータ,次期通関情報総合判定システム貿易統計機能（COSMOS機能）設計・開発（27年度国庫債務負担行為）,387000000,1,99.2
73,L.,1,9010601021385,(株)ＮＴＴデータ,貿易統計機能（COSMOS機能）既設機器賃貸借（24年度国庫債務負担行為）,119000000,-,-
73,M.,1,8010501016536,ＴＩＳソリューションリンク(株),通関情報総合判定システム貿易統計機能（COSMOS機能）運用管理業務（27年度国庫債務負担行為）,4000000,随意契約（その他）,0
73,M.,1,8010501016536,ＴＩＳソリューションリンク(株),通関情報総合判定システム貿易統計機能（COSMOS機能）運用管理業務（26年度国庫債務負担行為）,4000000,-,-
73,N.,1,1010001128061,日本アイ・ビー・エム(株),海上貨物スクリーニングシステム機器賃貸借（再リース）,2000000,随意契約（公募）,0
73,O.,1,2010701023164,ＰＣＩアイオス(株),海上貨物スクリーニングシステム運用支援業務,7000000,1,0
73,P.,1,2010701023164,ＰＣＩアイオス(株),海上貨物スクリーニングシステム機器撤去,1000000,随意契約（少額）,0
73,V.,1,7010001064648,ＮＴＴコミュニケーションズ(株),税関LAN更新機器設置作業（26年度国庫債務負担行為）,79000000,-,-
73,V.,2,6010401015821,東京センチュリー(株),税関LAN更新機器賃貸借（26年度国庫債務負担行為）,58000000,-,-
73,V.,3,6010701025710,(株)日立システムズ,税関LAN更新に伴う既設機器撤去作業,15000000,2,86.2
73,V.,4,4010401022860,日本通運(株),税関LAN更新に伴う既設機器撤去作業,1000000,2,34.9
73,W.,1,6010401015821,東京センチュリー(株),税関LAN既設機器賃貸借（再リース）（26年度国庫債務負担行為）,300000,-,-
73,W.,1,6010401015821,東京センチュリー(株),税関WAN機器賃貸借（再リース）（27年度国庫債務負担行為）,14000000,随意契約（公募）,0
73,W.,1,6010401015821,東京センチュリー(株),税関WAN機器賃貸借（再リース）（27年度国庫債務負担行為）,236000000,随意契約（公募）,0
73,W.,1,6010401015821,東京センチュリー(株),税関LAN既設機器賃貸借（24年度国庫債務負担行為）,454000000,-,-
73,W.,1,6010401015821,東京センチュリー(株),税関LAN既設機器賃貸借（25年度国庫債務負担行為）,3000000,-,-
73,W.,1,6010401015821,東京センチュリー(株),税関LAN既設機器賃貸借（24年度国庫債務負担行為）,92000000,-,-
73,W.,1,6010401015821,東京センチュリー(株),税関LAN既設機器賃貸借（25年度国庫債務負担行為）,22000000,-,-
73,W.,2,8010401021784,ＮＥＣキャピタルソリューション(株),税関LAN既設機器賃貸借（24年度国庫債務負担行為）,70000000,-,-
73,W.,3,8010401005011,ＮＴＴファイナンス(株),税関LAN既設機器賃貸借（24年度国庫債務負担行為）,24000000,-,-
73,W.,3,8010401005011,ＮＴＴファイナンス(株),税関LAN既設機器賃貸借（24年度国庫債務負担行為）,35000000,-,-
73,W.,4,6010601032609,ＮＴＴデータ・カスタマサービス(株),税関LAN既設機器賃貸借（24年度国庫債務負担行為）,58000000,-,-
73,W.,5,2010001033475,(株)ＪＥＣＣ,税関LAN既設機器賃貸借（24年度国庫債務負担行為）,56000000,-,-
73,W.,6,2010001128507,富士通リース(株),税関LAN既設機器賃貸借（24年度国庫債務負担行為）,43000000,-,-
73,W.,7,9360001004633,沖縄ジェックリース(株),税関LAN既設機器賃貸借（24年度国庫債務負担行為）,16000000,-,-
73,W.,8,6010401024970,日立キャピタル(株),税関LAN既設機器賃貸借（再リース）（26年度国庫債務負担行為）,6000000,-,-
73,W.,8,6010401024970,日立キャピタル(株),税関LAN既設機器賃貸借（再リース）（26年度国庫債務負担行為）,4000000,-,-
73,X.,1,7010001064648,ＮＴＴコミュニケーションズ(株),税関WAN回線使用料,756000000,-,-
73,X.,2,8011101028104,東日本電信電話(株),税関LAN回線使用料,2000000,-,-
73,X.,3,9120001062589,(株)ケイ・オプティコム,税関LAN回線使用料,800000,-,-
73,X.,4,7120001077523,西日本電信電話(株),税関LAN回線使用料,200000,-,-
73,Y.,1,7010001064648,ＮＴＴコミュニケーションズ(株),税関WAN運用管理業務（27年度国庫債務負担行為）,126000000,随意契約（公募）,0
73,Y.,1,7010001064648,ＮＴＴコミュニケーションズ(株),税関LAN運用管理業務（27年度国庫債務負担行為）,2000000,2,0
73,Y.,2,6010601032609,ＮＴＴデータ・カスタマサービス(株),税関LAN運用管理業務,20000,随意契約（少額）,0
73,Y.,2,6010601032609,ＮＴＴデータ・カスタマサービス(株),税関LAN運用管理業務,5000,随意契約（少額）,0
73,Y.,2,6010601032609,ＮＴＴデータ・カスタマサービス(株),税関LAN運用管理業務,5000,随意契約（少額）,0
73,Y.,2,6010601032609,ＮＴＴデータ・カスタマサービス(株),税関LAN運用管理業務,8000000,1,0
73,Y.,2,6010601032609,ＮＴＴデータ・カスタマサービス(株),税関LAN運用管理業務,20000,随意契約（少額）,0
73,Y.,2,6010601032609,ＮＴＴデータ・カスタマサービス(株),税関LAN運用管理業務,8000000,1,0
73,Y.,2,6010601032609,ＮＴＴデータ・カスタマサービス(株),税関LAN運用管理業務,9000000,2,0
73,Y.,2,6010601032609,ＮＴＴデータ・カスタマサービス(株),税関LAN運用管理業務,20000,随意契約（少額）,0
73,Y.,3,4020001082230,東芝オフィスメイト(株),税関LAN運用管理業務,10000000,1,0
73,Y.,4,1020001071491,富士通(株),税関LAN運用管理業務,9000000,1,0
73,Y.,5,7011101033773,ソフトバンク・テクノロジー(株),電子メールサービスの提供業務,8000000,3,72.7
73,Y.,6,8140001012270,(株)日本ビジネスデータープロセシングセンター,税関LAN運用管理業務,8000000,2,0
73,Y.,7,2010001128507,富士通リース(株),税関LAN運用管理業務,8000000,2,0
73,Y.,8,6010701001439,(株)エスエスイー,税関LAN運用管理業務,6000000,1,0
73,Y.,9,4360001005834,(株)エスネット,税関LAN運用管理業務,5000000,2,0
73,Z.,1,7010001064648,ＮＴＴコミュニケーションズ(株),税関LAN機器移設作業,2000000,随意契約（公募）,0
73,Z.,1,7010001064648,ＮＴＴコミュニケーションズ(株),税関WAN機器設定変更作業,4000000,随意契約（公募）,0
73,Z.,1,7010001064648,ＮＴＴコミュニケーションズ(株),税関WAN機器移設作業,800000,随意契約（少額）,0
73,Z.,1,7010001064648,ＮＴＴコミュニケーションズ(株),税関WAN機器設定変更作業,12000000,随意契約（公募）,0
73,Z.,1,7010001064648,ＮＴＴコミュニケーションズ(株),税関WAN機器移設作業（他5件）,300000,-,-
73,Z.,1,7010001064648,ＮＴＴコミュニケーションズ(株),税関LAN機器設定変更作業,1000000,随意契約（少額）,0
73,Z.,1,7010001064648,ＮＴＴコミュニケーションズ(株),税関WAN機器移設作業,500000,随意契約（少額）,0
73,Z.,2,1010001012983,(株)大塚商会,税関LAN機器設定変更作業,14000000,随意契約（公募）,0
73,Z.,2,1010001012983,(株)大塚商会,税関LAN機器設定変更作業,1000000,随意契約（公募）,0
73,Z.,2,1010001012983,(株)大塚商会,税関LAN機器移設作業（他5件）,1000000,-,-
73,Z.,3,1020001071491,富士通(株),税関LAN機器移設作業,900000,1,0
73,Z.,3,1020001071491,富士通(株),税関LAN機器設定変更作業,1000000,随意契約（少額）,0
73,Z.,3,1020001071491,富士通(株),税関LAN機器設定変更作業,600000,随意契約（少額）,0
73,Z.,3,1020001071491,富士通(株),税関LAN機器移設作業,400000,随意契約（少額）,0
73,Z.,3,1020001071491,富士通(株),税関LAN機器移設作業（他2件）,700000,-,-
73,Z.,4,6010601032609,ＮＴＴデータ・カスタマサービス(株),税関LAN機器移設作業,300000,随意契約（少額）,0
73,Z.,4,6010601032609,ＮＴＴデータ・カスタマサービス(株),税関LAN機器移設作業,300000,随意契約（少額）,0
73,Z.,4,6010601032609,ＮＴＴデータ・カスタマサービス(株),税関LAN機器設定変更作業,1000000,随意契約（少額）,0
73,Z.,4,6010601032609,ＮＴＴデータ・カスタマサービス(株),税関LAN機器移設作業（他3件）,600000,-,-
73,Z.,5,8140001012270,(株)日本ビジネスデータープロセシングセンター,税関LAN機器設定変更作業,300000,随意契約（少額）,0
73,Z.,5,8140001012270,(株)日本ビジネスデータープロセシングセンター,税関LAN機器設定変更作業,700000,随意契約（少額）,0
73,Z.,5,8140001012270,(株)日本ビジネスデータープロセシングセンター,税関LAN機器設定変更作業,400000,随意契約（少額）,0
73,Z.,5,8140001012270,(株)日本ビジネスデータープロセシングセンター,税関LAN機器設定変更作業,400000,随意契約（少額）,0
73,Z.,6,8010401056384,(株)富士通エフサス,税関LAN機器設定変更作業,700000,随意契約（少額）,0
73,Z.,6,8010401056384,(株)富士通エフサス,税関LAN機器設定変更作業,800000,随意契約（少額）,0
73,Z.,7,9010001087242,富士電機ＩＴソリューション(株),税関LAN機器設定変更作業,900000,随意契約（少額）,0
73,Z.,8,3010401022977,ＮＥＣフィールディング(株),税関LAN機器設定変更作業,300000,随意契約（少額）,0
73,Z.,8,3010401022977,ＮＥＣフィールディング(株),税関LAN機器移設作業,200000,随意契約（少額）,0
73,Z.,9,3120101046480,ＦＡエンジニア(株),回線敷設工事,300000,随意契約（少額）,0
73,Z.,10,4180001038002,中央電気工事(株),回線移設工事,300000,随意契約（少額）,0
73,a.,1,9010001087242,富士電機ＩＴソリューション(株),消耗品購入,45000000,2,90.5
73,a.,2,7290801004032,(株)オフィスソリューションズ北九州,消耗品購入,16000000,2,0
73,a.,2,7290801004032,(株)オフィスソリューションズ北九州,消耗品購入,30000,随意契約（少額）,0
73,a.,2,7290801004032,(株)オフィスソリューションズ北九州,消耗品購入,50000,随意契約（少額）,0
73,a.,2,7290801004032,(株)オフィスソリューションズ北九州,消耗品購入,70000,随意契約（少額）,0
73,a.,2,7290801004032,(株)オフィスソリューションズ北九州,消耗品購入,200000,随意契約（少額）,0
73,a.,2,7290801004032,(株)オフィスソリューションズ北九州,消耗品購入,20000,随意契約（少額）,0
73,a.,2,7290801004032,(株)オフィスソリューションズ北九州,消耗品購入,7000,随意契約（少額）,0
73,a.,2,7290801004032,(株)オフィスソリューションズ北九州,消耗品購入,8000,随意契約（少額）,0
73,a.,3,8010001036398,(株)秋山商会,消耗品購入,14000000,2,0
73,a.,4,9120101042177,(株)イノウエ商事,消耗品購入,8000000,4,0
73,a.,5,2010001125157,(株)ＭＩＣ,ソフトウェアの購入,5000000,3,0
73,a.,6,4012801003936,(株)グラフィック,消耗品購入,4000000,3,73.3
73,a.,7,4140002012926,(有)イトウ屋,消耗品購入,4000000,9,0
73,a.,8,8360001009195,(株)丸仁,消耗品購入,2000000,6,0
73,a.,9,9330001003794,(株)パネックス,消耗品購入,2000000,4,0
73,a.,10,5430001028059,(株)セラビ,消耗品購入,1000000,随意契約（少額）,0
74,A.,1,9010601021385,(株)ＮＴＴデータ,共通番号に係る中間サーバー等導入業務一式,188000000,1,98.2
74,A.,1,9010601021385,(株)ＮＴＴデータ,ＯＣＲスキャナ消耗品等,261000000,1,97.2
74,A.,1,9010601021385,(株)ＮＴＴデータ,アプリケーション保守経費,1068000000,1,98.4
74,A.,1,9010601021385,(株)ＮＴＴデータ,次期HW等の更改に係るアプリケーション改修,159000000,1,98.7
74,A.,1,9010601021385,(株)ＮＴＴデータ,共通番号に係る設計・開発業務一式,1468000000,1,98.2
74,A.,1,9010601021385,(株)ＮＴＴデータ,ハードウェア・ソフトウェア借入経費,719000000,2,95.6
74,A.,1,9010601021385,(株)ＮＴＴデータ,制度改正アプリケーション改修業務,308000000,1,96
74,A.,1,9010601021385,(株)ＮＴＴデータ,第三者行為災害における求償業務の効率化に係る改修,208000000,1,95.3
74,A.,1,9010601021385,(株)ＮＴＴデータ,運用等業務,214000000,4,36.8
74,A.,2,7010401001556,アクセンチュア(株),コンサルティング業務,247000000,3,97.3
74,C.,1,9010601021385,(株)ＮＴＴデータ,制度改正等アプリケーション改修業務,150000000,1,95.1
74,C.,1,9010601021385,(株)ＮＴＴデータ,運用等業務,214000000,4,97.3
74,C.,1,9010601021385,(株)ＮＴＴデータ,端末移設費用,7000000,随意契約（その他）,95.7
74,C.,1,9010601021385,(株)ＮＴＴデータ,次期ＨＷ等の更新に係るアプリケーション改修,127000000,1,98.7
74,C.,1,9010601021385,(株)ＮＴＴデータ,ＯＣＲスキャナ消耗品等,261000000,1,97.2
74,C.,1,9010601021385,(株)ＮＴＴデータ,アプリケーション保守経費,458000000,1,98.4
74,C.,1,9010601021385,(株)ＮＴＴデータ,ハードウェア・ソフトウェア借入経費,1848000000,2,95.6
74,C.,2,4010401045416,シスコシステムズキャピタル(株),統合ネットワーク回線利用に伴う分担金,124000000,1,-
74,C.,3,6010601032609,ＮＴＴデータ・カスタマサービス(株),拠点ＬＡＮ導入及び保守経費,122000000,1,59.5
74,C.,4,9010401052465,ソフトバンク(株),厚生労働省ネットワークシステム経費,14000000,1,-
75,D.,1,1020001071491,富士通(株),労働保険適用徴収システムの更改に係るアプリケーション対応及び保守業務一式,504000000,1,98.5
75,D.,1,1020001071491,富士通(株),労働保険適用徴収システムに係る機能改修業務一式（法人番号対応）,212000000,1,85.5
75,D.,2,6010401015821,東京センチュリー(株),徴収システムに係るハード・ソフトの賃貸借及び保守（本省）,319000000,-,-
75,D.,2,6010401015821,東京センチュリー(株),徴収システム(次期）に係るハード・ソフトの賃貸借及び保守（本省）,305000000,1,98.1
75,D.,3,2010001033475,(株)ＪＥＣＣ,徴収システムに係るハード・ソフトの賃貸借及び保守（その２）,243000000,-,-
75,D.,3,2010001033475,(株)ＪＥＣＣ,都道府県労働局ＬＡＮ機器賃貸借及び運用保守業務一式,227000000,-,-
75,D.,4,4010701026198,ＩＢＪＬ東芝リース(株),徴収システムに係るハード・ソフトの賃貸借及び保守（その３）,460000000,-,-
75,D.,5,1020001071491,富士通(株),労働保険適用徴収システムに係るアプリケーション保守業務一式,420000000,-,-
75,D.,6,1010001112577,日本郵便(株),平成２７年５月分後納郵便料,338000000,-,-
75,D.,7,6010001030403,(株)三菱総合研究所,労働保険適用徴収システムの更改等に係る総合工程管理等支援業務,246000000,-,-
76,A.,1,1020001071491,富士通(株),共通番号連携管理サブシステム等に係る設計・開発業務等一式（第１次）,1496000000,1,99.89
76,A.,1,1020001071491,富士通(株),債権管理システムの統合に係る設計・開発業務,143000000,1,97.54
76,A.,1,1020001071491,富士通(株),労働者派遣法改正に伴う労働力需給調整事業事務機能群の改修（改正法施行時対応分）,20000000,随意契約（その他）,100
76,A.,1,1020001071491,富士通(株),高年齢求職者給付等の受給者実態調査等に係るプログラム改修業務,68000000,1,92.9
76,A.,1,1020001071491,富士通(株),雇用対策サブシステム（雇用管理改善指導機能群（外国人機能））改修,72000000,1,98.8
76,A.,1,1020001071491,富士通(株),特定求職者雇用開発助成金制度改正に伴う雇用対策サブシステム（助成金機能群）改修業務,101000000,随意契約（その他）,100
76,A.,1,1020001071491,富士通(株),センター設備転用に伴う転用先機器調整作業（求職情報提供機能（仮）追加）,102000000,随意契約（その他）,89.6
76,A.,1,1020001071491,富士通(株),雇用管理改善指導機能群（６１報告機能）改修業務,103000000,1,99.09
76,A.,1,1020001071491,富士通(株),平成２７年度雇用対策サブシステム（助成金機能群）改修業務,107000000,1,99.53
76,A.,1,1020001071491,富士通(株),共通番号連携管理サブシステム等との連携に伴うシステム改修業務,154000000,随意契約（その他）,100
76,A.,1,1020001071491,富士通(株),マイクロソフトサポートポリシー変更に伴うブラウザ等バージョンアップ作業,160000000,随意契約（その他）,99.7
76,A.,1,1020001071491,富士通(株),雇用保険業務に関する平成27年度変更管理案件対応に伴うシステム改修業務,508000000,随意契約（その他）,99.3
76,A.,1,1020001071491,富士通(株),平成２７年度共通基盤統合認証・セキュリティ機能群等変更管理に伴うシステム改修業務,284000000,随意契約（その他）,100
76,A.,1,1020001071491,富士通(株),雇用対策サブシステム（労働力需給調整事業機能群）（本格対応）,290000000,随意契約（その他）,100
76,A.,1,1020001071491,富士通(株),センター設備及び拠点設備におけるネットワーク構築作業等一式,395000000,随意契約（その他）,97.2
76,A.,1,1020001071491,富士通(株),平成２７年度ハローワークインターネットサービス等に係るシステム改修業務,486000000,1,97.94
76,A.,1,1020001071491,富士通(株),共通番号連携管理サブシステム等に係る設計・開発業務等一式（第２次）,1729000000,2,88.27
76,A.,1,1020001071491,富士通(株),システムの運用・保守（既存国庫債務負担行為）３件,4726000000,-,-
76,A.,1,1020001071491,富士通(株),平成２７年度職業紹介機能群等変更管理案件対応に伴うシステム改修業務,589000000,随意契約（その他）,98.3
76,A.,1,1020001071491,富士通(株),民間人材ビジネス等への求職情報提供に伴うシステム改修業務,824000000,1,98.83
76,A.,1,1020001071491,富士通(株),助成金・訓練受講給付金等本省支出官払化に伴う設計・開発業務,167000000,随意契約（その他）,99.9
76,A.,1,1020001071491,富士通(株),電子申請審査機能群及び雇用保険フロント機能群改修業務,109000000,1,99.57
76,A.,1,1020001071491,富士通(株),システムの改修等（既存国庫債務負担行為）４件,654000000,-,-
76,B.,1,4011401002621,サンテックサービス(株),システム関係帳票の発送,1000000,3,77.64
76,B.,1,4011401002621,サンテックサービス(株),システム関係帳票の発送,2000000,1,60.05
76,B.,1,2011701002645,京葉アドバンス物流(株),システム関係帳票の発送,1000000,2,46.57
76,C.,1,6010405003434,(独)国立印刷局,官報掲載料24件,4000000,随意契約（その他）,-
76,D.,1,6011601002320,(株)コタニ,システム関係帳票の印刷,7000000,5,99.12
76,D.,2,1011701012208,(株)ハップ,システム関係帳票の印刷,7000000,4,90.08
76,D.,3,6011601002320,(株)コタニ,システム関係帳票の印刷,6000000,5,85.85
76,E.,1,1020001071491,富士通(株),端末等機器賃貸借料７件,5000000,1,-
76,E.,1,1020001071491,富士通(株),端末等の導入６件,30000000,1,-
76,E.,1,1020001071491,富士通(株),転用に伴う機器調整作業,126000000,随意契約（その他）,100
76,E.,1,1020001071491,富士通(株),回線利用料６件,3000000,-,-
76,E.,1,1020001071491,富士通(株),サーバ等機器賃貸借料の延長２件,281000000,随意契約（その他）,-
76,E.,1,1020001071491,富士通(株),回線等の導入８件,37000000,1,-
76,E.,1,1020001071491,富士通(株),ハローワークインターネットサービスにおけるＦＡＸサービス使用料,16000000,1,100
76,E.,1,1020001071491,富士通(株),機器・回線の導入・賃貸借料（既存国庫債務負担行為）25件,29792000000,-,-
76,F.,1,6010601032609,ＮＴＴデータ・カスタマサービス(株),機器（端末等）賃貸借４件,2000000,随意契約（その他）,-
76,G.,1,9011101031552,ＫＤＤＩ(株),通信機器・回線の導入・賃貸借（既存国庫債務負担行為）４件,311000000,-,-
76,H.,1,9010401052465,ソフトバンク(株),新設回線（統合NW）利用料５件,109000000,1,-
76,H.,1,9010401052465,ソフトバンク(株),統合NWに係る作業,5000000,随意契約（その他）,100
76,I.,1,9010401052465,ソフトバンク(株),回線利用料延長２件,79000000,随意契約（その他）,-
76,I.,2,9011101031552,ＫＤＤＩ(株),回線・通信機器等借料延長,44000000,随意契約（その他）,100
76,I.,3,7010001008844,(株)日立製作所,回線利用料延長,1000000,随意契約（その他）,-
76,J.,1,7010401052137,東芝ソリューション(株),回線（厚労省NW）の増強（既存国庫債務負担行為）,300000000,-,-
76,K.,1,7010001084893,(株)富士通マーケティング・オフィスサービス,消耗品（LTOラベル等）,2000000,随意契約（その他）,100
76,L.,1,7010401006126,沖電気工業(株),消耗品（トナー類）,2914000000,2,95.82
76,M.,1,,東京労働局,消耗品（汎用用紙）,38000000,-,-
76,M.,2,,北海道労働局,消耗品（汎用用紙）及び電源工事,32000000,-,-
76,M.,3,,神奈川労働局,消耗品（汎用用紙）及び電源工事,28000000,-,-
76,M.,4,,埼玉労働局,消耗品（汎用用紙）,25000000,-,-
76,M.,5,,大阪労働局,消耗品（汎用用紙）及び電源工事,23000000,-,-
76,M.,6,,愛知労働局,消耗品（汎用用紙）及び電源工事,20000000,-,-
76,M.,7,,兵庫労働局,消耗品（汎用用紙）及び電源工事,18000000,-,-
76,M.,8,,広島労働局,消耗品（汎用用紙）及び電源工事,17000000,-,-
76,M.,9,,福岡労働局,消耗品（汎用用紙）及び電源工事,16000000,-,-
76,M.,10,,千葉労働局,消耗品（汎用用紙）及び電源工事,13000000,-,-
76,N.,1,7010001088960,デロイトトーマツコンサルティング(合),システム開発・工程管理等支援,463000000,2,93.23
76,O.,1,9010401052465,ソフトバンク(株),機器・回線の移設９件,15000000,随意契約（その他）,-
76,P.,1,,統合ネットワーク分担金,既存の回線利用料（既存国庫債務負担行為）,1965000000,-,-
76,P.,2,,ＧＳＯＣシステム分担金,現行GSOCシステムの運用に係る分担金,51000000,-,-
76,Q.,1,8010001034947,三菱倉庫(株),電子記録媒体の保管・発送,6000000,1,100
76,R.,1,9010401054908,都築電気(株),ﾊﾛｰﾜｰｸｲﾝﾀｰﾈｯﾄｻｰﾋﾞｽのサーバ証明書更新,3000000,1,70
76,S.,1,8010401078156,(株)富士通ラーニングメディア,外部ｼｽﾃﾑ研修９件,2000000,随意契約（その他）,-
77,A.,1,7010001008844,(株)日立製作所,受給資格期間短縮（強化法）システム開発（法施行前裁定請求書送付）,14000000,随意契約（その他）,100
77,A.,1,7010001008844,(株)日立製作所,被用者年金一元化に伴うシステム開発（詳細設計以降（２８．３稼働分）,286000000,-,-
77,A.,1,7010001008844,(株)日立製作所,被用者年金一元化に伴うシステム開発（共済額計算（平成２８年３月稼働分））,203000000,随意契約（その他）,100
77,A.,1,7010001008844,(株)日立製作所,被用者年金一元化に伴うシステム開発（総合テストフェーズ２）,1891000000,-,-
77,A.,1,7010001008844,(株)日立製作所,厚年法等改正法（３号不整合記録関連部分）開発（Ｈ２８．４）,819000000,-,-
77,A.,1,7010001008844,(株)日立製作所,社会保障・税番号制度導入（平成２９年１月実施分）システム開発,158000000,随意契約（その他）,100
77,A.,1,7010001008844,(株)日立製作所,電子計算組織用装置等の導入撤去及び設置,156000000,随意契約（その他）,100
77,A.,1,7010001008844,(株)日立製作所,被用者年金一元化システム開発（詳細設計～総合テスト１）及び環境構築,152000000,-,-
77,A.,1,7010001008844,(株)日立製作所,短時間労働者への適用拡大に伴うシステム開発,102000000,随意契約（その他）,100
77,A.,1,7010001008844,(株)日立製作所,社会保障・税番号制度導入（Ｈ２８．１実施分）システム開発,82000000,-,-
77,A.,1,7010001008844,(株)日立製作所,被用者年金一元化等統計機能追加に伴うシステム開発,80000000,-,-
77,A.,1,7010001008844,(株)日立製作所,被用者年金一元化に伴うシステム開発（仕様追加）,61000000,-,-
77,A.,1,7010001008844,(株)日立製作所,受給資格期間の短縮（年金機能強化法）に伴うシステム開発,356000000,-,-
77,A.,1,7010001008844,(株)日立製作所,年金事業運営改善法事務処理誤等に関する特例保険料納付等制度創設,624000000,-,-
77,A.,1,7010001008844,(株)日立製作所,社会保障・税番号制度導入（所得税源泉徴収事務対応）システム開発,40000000,随意契約（その他）,100
77,A.,1,7010001008844,(株)日立製作所,被用者年金一元化に伴うシステム開発（平成２８年２月期の振込通知書作成抑止）,32000000,随意契約（その他）,100
77,A.,2,7010401001556,アクセンチュア(株),汎用申請・届出等省内処理システムに係る更改・保守業務,342000000,-,-
77,A.,2,7010401001556,アクセンチュア(株),汎用申請・届出等省内処理システムに係る運用業務,24000000,-,-
77,A.,3,6010401024970,日立キャピタル(株),年金給付システム周辺サーバ３次更改分のサーバ設備等に係る再リース,9000000,-,-
77,A.,3,6010401024970,日立キャピタル(株),電子申請システム（年金給付システム）のサーバ等設備の再リース,9000000,随意契約（その他）,100
77,A.,3,6010401024970,日立キャピタル(株),年金給付システム周辺サーバ更改に伴うハードウェア等賃貸借及び保守等,179000000,-,-
77,A.,4,1010701013059,(株)シンシア,情報機器等不用物品の廃棄業務,2000000,2,54.55
77,B.,1,9010601021385,(株)ＮＴＴデータ,国年３号被保険者不整合記録お知らせ改善のシステム開発利用料,23000000,-,-
77,B.,1,9010601021385,(株)ＮＴＴデータ,記録管理システムの機能強化についてのシステム開発ソフト利用料,14000000,-,-
77,B.,1,9010601021385,(株)ＮＴＴデータ,制度改正に伴うシステム開発（ねんきんネット）にかかるソフト利用料,12000000,-,-
77,B.,1,9010601021385,(株)ＮＴＴデータ,記録管理・基礎年金番号管理システム利用料（２４年度国債分）,24000000,-,-
77,B.,1,9010601021385,(株)ＮＴＴデータ,国民年金業務の効率化についてのシステム開発ソフト利用料,17000000,-,-
77,B.,1,9010601021385,(株)ＮＴＴデータ,年金事業運営改善法事務処理誤り等特例保険料納付制度創設ソフト利用料,32000000,-,-
77,B.,1,9010601021385,(株)ＮＴＴデータ,年金事業運営改善法（保険料納付機会の拡大）システム開発ソフト利用料,33000000,-,-
77,B.,1,9010601021385,(株)ＮＴＴデータ,前納拡充及び国年保険料口振お知らせ・口振額通知書統合等ソフト利用料,41000000,-,-
77,B.,1,9010601021385,(株)ＮＴＴデータ,国年付加保険料納付期間延長・各種送付物の直近氏名出力等ソフト利用料,34000000,-,-
77,B.,1,9010601021385,(株)ＮＴＴデータ,記録管理・基礎年金番号管理システム利用料（２５年度国債分）,23945000000,-,-
77,B.,1,9010601021385,(株)ＮＴＴデータ,被用者年金一元化に伴うシステム開発ソフト利用料,1062000000,-,-
77,B.,1,9010601021385,(株)ＮＴＴデータ,被用者年金一元化（定期便関係・記録整備）に係るソフト利用料,547000000,-,-
77,B.,1,9010601021385,(株)ＮＴＴデータ,厚年基金制度廃止等最低責任準備金徴収事務等システム開発（一次稼働分）,200000000,-,-
77,B.,1,9010601021385,(株)ＮＴＴデータ,成年後見人等の事務処理の改善についてのシステム開発利用料,10000000,-,-
77,B.,1,9010601021385,(株)ＮＴＴデータ,外国人住民に関する住基制度の改正に伴うシステム開発利用料,10000000,-,-
77,B.,1,9010601021385,(株)ＮＴＴデータ,被保険者であった者に対する裁定請求手続に係る情報等把握利用料,34000000,-,-
77,B.,1,9010601021385,(株)ＮＴＴデータ,オンライン利用促進重点手続の件数把握に関するソフト利用料,38000000,-,-
77,B.,1,9010601021385,(株)ＮＴＴデータ,受給資格期間の短縮（年金機能強化法）に伴うソフト利用料,51000000,-,-
77,B.,1,9010601021385,(株)ＮＴＴデータ,電子（媒体）申請の業務プロセスの見直しについてソフト利用料,52000000,-,-
77,B.,1,9010601021385,(株)ＮＴＴデータ,短時間労働者への適用拡大（一次稼働分）ソフト利用料,60000000,-,-
77,B.,1,9010601021385,(株)ＮＴＴデータ,記録管理基礎年金番号管理システム利用料（２６国債：電子申請継続利用）,133000000,-,-
77,B.,1,9010601021385,(株)ＮＴＴデータ,インサータプリンタ・漢字プリンタ更改についてソフト利用料,133000000,-,-
77,B.,1,9010601021385,(株)ＮＴＴデータ,産休期間中の保険料免除・従前標準報酬月額の特例に伴うソフト利用料,148000000,-,-
77,B.,1,9010601021385,(株)ＮＴＴデータ,国民年金保険料収納対策等事務の改善についてソフト利用料,179000000,-,-
77,B.,1,9010601021385,(株)ＮＴＴデータ,国年免除期間の保険料取扱い改善・免除等遡及期間見直しソフト利用料,198000000,-,-
77,B.,1,9010601021385,(株)ＮＴＴデータ,国年第３号被保険者資格取得届等の電子媒体届書追加ソフト利用料,107000000,-,-
77,B.,1,9010601021385,(株)ＮＴＴデータ,資格記録補正処理及び関連帳票の改善のシステム開発ソフト利用料,88000000,-,-
77,B.,1,9010601021385,(株)ＮＴＴデータ,事業運営改善法施行に伴う国年保険料免除等業務運用改善ソフト利用料,65000000,-,-
77,B.,1,9010601021385,(株)ＮＴＴデータ,厚年法等改正法（３号不整合記録関連対処部分）（その１）ソフト利用料,458000000,-,-
77,B.,1,9010601021385,(株)ＮＴＴデータ,年金機能強化法（年金給付関係）の対応に伴うソフト利用料,78000000,-,-
77,C.,1,7010001008844,(株)日立製作所,電子計算組織用装置の賃貸借及びプログラム・プロダクトの使用権許諾に関する契約,21362000000,随意契約（その他）,100
77,C.,2,2010001033475,(株)ＪＥＣＣ,電子計算機の賃貸借及びプログラム・プロダクトの使用権許諾に関する契約,2493000000,随意契約（その他）,100
78,A.,1,9010601021385,(株)ＮＴＴデータ,年金業務システム（経過管理・電子決裁、個人番号管理（１次）、基盤サブシステム）に係る設計・開発等業務,4554000000,-,-
78,A.,2,7010401001556,アクセンチュア(株),年金業務システム（統計・業務分析サブシステム）に係る設計・開発等業務,1517000000,-,-
78,A.,3,6010401015821,東京センチュリー(株),年金業務システム（個人番号管理サブシステム（１次）及び基盤サブシステム）に係る基盤製品の導入、賃貸借及び保守業務,534000000,1,38
78,A.,4,6010401024970,日立キャピタル(株),年金業務システム（統計・業務分析サブシステム）に係る基盤製品の導入、賃貸借及び保守業務,57000000,1,94
79,B.,1,9010601021385,(株)ＮＴＴデータ,記録管理・基礎年金番号管理システム利用契約,8633000000,-,-
79,B.,1,9010601021385,(株)ＮＴＴデータ,社会保険オンラインシステム端末設備ソフトウェア保守業務一式,918000000,-,-
79,B.,1,9010601021385,(株)ＮＴＴデータ,日本年金機構端末設備運用管理サービス等業務一式,1029000000,-,-
79,B.,2,7010001008844,(株)日立製作所,年金給付システム開発付帯作業業務委託（下半期）一式,2136000000,随意契約（その他）,100
79,B.,2,7010001008844,(株)日立製作所,年金給付システム開発付帯作業業務委託（上半期）一式,1697000000,-,-
79,B.,2,7010001008844,(株)日立製作所,被用者年金一元化に伴うシステム開発（詳細設計以降及び環境構築業務）,2536000000,-,-
79,B.,3,2010801013387,ニッセイ情報テクノロジー(株),日本年金機構におけるシステム支援等業務一式,1973000000,-,-
79,B.,4,6010401024970,日立キャピタル(株),公的年金給付総合情報連携サーバ設備等の賃貸借及び保守業務,1309000000,-,-
79,B.,5,6010401015821,東京センチュリー(株),日本年金機構端末設備等の賃貸借及び保守業務一式（平成25年8月～）,1286000000,-,-
79,B.,6,8010401005011,ＮＴＴファイナンス(株),社会保険オンラインシステムプリンタ（区分１：KP）の賃貸借及び保守業務一式,1124000000,-,-
80,A.,1,,経済産業局,経済産業局における基盤情報システムの運用、セキュリティの確保等,86000000,-,-
80,B.,1,7010401022916,日本電気(株),共通管理ｼｽﾃﾑの改修(年金一元化対応),41000000,随意契約（その他）,-
80,B.,1,7010401022916,日本電気(株),経済産業省基盤情報ｼｽﾃﾑｻｰﾋﾞｽ,2091000000,2,-
80,B.,1,7010401022916,日本電気(株),経済産業省基盤情報ｼｽﾃﾑｻｰﾋﾞｽ(記憶ﾃﾞﾊﾞｲｽ管理等ｻｰﾋﾞｽ)の追加,12000000,随意契約（その他）,-
80,B.,1,7010401022916,日本電気(株),人事･給与関係業務情報ｼｽﾃﾑ移行に係る抽出ﾂｰﾙ改修,12000000,随意契約（その他）,-
80,B.,1,7010401022916,日本電気(株),経済産業省基盤情報ｼｽﾃﾑｻｰﾋﾞｽ(ﾛｸﾞ管理ｻｰﾋﾞｽ)の追加,11000000,随意契約（その他）,-
80,B.,1,7010401022916,日本電気(株),経済産業省基盤情報ｼｽﾃﾑｻｰﾋﾞｽ(ﾘﾓｰﾄｱｸｾｽｻｰﾋﾞｽ）の追加,114000000,随意契約（その他）,-
80,B.,1,7010401022916,日本電気(株),経済産業省基盤情報ｼｽﾃﾑｻｰﾋﾞｽ(ﾛｸﾞ分析ｻｰﾋﾞｽ)の追加外13件,23000000,-,-
80,B.,1,7010401022916,日本電気(株),情報発信強化機能開発,70000000,随意契約（その他）,-
80,B.,1,7010401022916,日本電気(株),共通管理ｼｽﾃﾑの改修(給与改定等の対応),14000000,随意契約（その他）,-
80,B.,1,7010401022916,日本電気(株),経済産業省基盤情報ｼｽﾃﾑｻｰﾋﾞｽ(ﾓﾊﾞｲﾙ機器連携ｻｰﾋﾞｽ)の追加,72000000,随意契約（その他）,-
80,B.,2,2010601038584,日本電子計算(株),共通管理事務ｼｽﾃﾑ用機器賃貸借,29000000,随意契約（その他）,-
80,B.,2,2010601038584,日本電子計算(株),経済産業局業務支援ｼｽﾃﾑ用機器賃貸借,14000000,1,-
80,B.,2,2010601038584,日本電子計算(株),旧基盤情報ｼｽﾃﾑｱｸｾｽﾛｸﾞ保管用機器賃貸借外１件,1000000,-,-
80,B.,2,2010601038584,日本電子計算(株),動態統計地域用ｼｽﾃﾑ機器賃貸借,1000000,3,-
80,B.,2,2010601038584,日本電子計算(株),鉱業権出願処理ｼｽﾃﾑ用機器賃貸借,7000000,随意契約（その他）,-
80,B.,2,2010601038584,日本電子計算(株),ﾌﾟﾗｯﾄﾌｫｰﾑ検証ｼｽﾃﾑ用機器賃貸借,8000000,1,-
80,B.,2,2010601038584,日本電子計算(株),個別業務処理ｼｽﾃﾑ用機器賃貸借,10000000,1,-
80,B.,2,2010601038584,日本電子計算(株),個別業務Webｱﾌﾟﾘｹｰｼｮﾝ用SSO認証機器賃貸借,12000000,1,-
80,B.,2,2010601038584,日本電子計算(株),経済産業省電子申請受付審査管理ｼｽﾃﾑ用機器賃貸借,14000000,1,-
80,B.,2,2010601038584,日本電子計算(株),経済産業省調査統計ｼｽﾃﾑ用機器賃貸借,336000000,3,-
80,B.,3,3020001081423,輸出入・港湾関連情報処理センター(株),NACCS(貿易管理ｼｽﾃﾑ)の利用契約,343000000,随意契約（その他）,-
80,B.,4,9010001045803,新日鉄住金ソリューションズ(株),調査統計ｼｽﾃﾑ運営管理支援業務,71000000,1,-
80,B.,4,9010001045803,新日鉄住金ソリューションズ(株),経済産業省調査統計ｼｽﾃﾑPCｾｷｭﾘﾃｨ設定作業外３件,3000000,-,-
80,B.,4,9010001045803,新日鉄住金ソリューションズ(株),経済産業省調査統計ｼｽﾃﾑﾒﾝﾃﾅﾝｽ(27年度),40000000,1,-
80,B.,4,9010001045803,新日鉄住金ソリューションズ(株),工業標準策定ｼｽﾃﾑｻｰﾋﾞｽ,77000000,2,-
80,B.,4,9010001045803,新日鉄住金ソリューションズ(株),次期経済産業省調査統計ｼｽﾃﾑ機器検討支援業務,55000000,2,-
80,B.,5,1020001071491,富士通(株),経済産業省ICｶｰﾄﾞ発行管理ｼｽﾃﾑ改修外１件,5000000,-,-
80,B.,5,1020001071491,富士通(株),経済産業省電子申請等管理ｼｽﾃﾑ運用支援業務,31000000,1,-
80,B.,5,1020001071491,富士通(株),経済産業省情報ｾｷｭﾘﾃｨ対策支援業務,7000000,2,-
80,B.,5,1020001071491,富士通(株),経済産業省電子申請受付･審査管理ｼｽﾃﾑ業務ｱﾌﾟﾘｹｰｼｮﾝの機能改善改修,12000000,随意契約（その他）,-
80,B.,5,1020001071491,富士通(株),sacraの政府共通ﾌﾟﾗｯﾄﾌｫｰﾑへの移行に係る作業,6000000,随意契約（その他）,-
80,B.,6,6010401024970,日立キャピタル(株),経済産業省利用者認証ｼｽﾃﾑ用機器賃貸借,23000000,随意契約（その他）,-
80,B.,6,6010401024970,日立キャピタル(株),入退室管理ｼｽﾃﾑ賃貸借,1000000,随意契約（その他）,-
80,B.,6,6010401024970,日立キャピタル(株),情報漏えい防止用機器賃貸借,23000000,1,-
80,B.,7,3010601032363,ネオアクシス(株),旅費及び謝金･諸手当ｼｽﾃﾑ運用支援等業務,6000000,1,-
80,B.,7,3010601032363,ネオアクシス(株),一元的な文書管理ｼｽﾃﾑ運用支援等業務,26000000,1,-
80,B.,8,2010001084295,(株)ＩＴ働楽研究所,業務用ｱﾌﾟﾘｹｰｼｮﾝ運用支援業務,11000000,1,-
80,B.,8,2010001084295,(株)ＩＴ働楽研究所,Webｱﾌﾟﾘｹｰｼｮﾝ等運用支援業務,19000000,1,-
80,B.,9,6010001107003,ＥＹアドバイザリー(株),次期経済産業省基盤情報ｼｽﾃﾑ仕様書案作成等支援業務,26000000,1,-
80,B.,10,2011101061853,ＴＩＳ(株),iPad外1件外1件,10000000,-,-
80,B.,10,2011101061853,ＴＩＳ(株),工業標準ｼｽﾃﾑｱﾌﾟﾘ運用支援業務,11000000,2,-
81,A.,1,9010601021385,(株)ＮＴＴデータ,特許庁システムインテグレーションサービス,4606000000,1,-
82,A.,1,6010601032609,ＮＴＴデータ・カスタマサービス(株),プリンタ用トナーカートリッジ一式,138000000,3,-
82,A.,2,2010001027865,福井紙業(株),高速プリンタ用Ａ４カット紙、Ａ４色上質紙等,22000000,2,-
82,A.,3,9010902025663,(株)データストレージ,LTO媒体及びバーコードラベル,4000000,6,-
82,A.,4,1140001050558,(株)日興商会,ＭｉｃｒｏｓｏｆｔＶｉｓｉｏ２０１３Ｐｒｏｆｅｓｓｉｏｎａｌ,600000,随意契約（少額）,-
82,A.,5,8010001073697,(株)アイテックス,LTO媒体及びバーコードラベル,500000,随意契約（少額）,-
82,A.,6,2010401015610,(株)セイワビジネスサプライズ,USBメモリ,100000,随意契約（少額）,-
82,B.,1,6010405003434,(独)国立印刷局,申請人識別ラベル用紙の印刷,600000,随意契約（少額）,-
82,B.,2,2120001077131,カワセコンピュータサプライ(株),圧着ハガキの印刷,500000,随意契約（少額）,-
82,B.,3,8010001024865,(株)謄栄社,年金領収書ハガキ等の印刷,300000,随意契約（少額）,-
82,C.,1,9010401052465,ソフトバンク(株),広域イーサネットサービス料（特許庁-別館）、三極特許庁ネットワーク用接続サービス料,11000000,随意契約（その他）,-
82,C.,2,9011101031552,ＫＤＤＩ(株),広域イーサネットサービス料（特許庁-ＪＴビル）、日本ＤＮＡデータバンク接続用専用回線使用料等,9000000,随意契約（その他）,-
82,D.,1,9010601021385,(株)ＮＴＴデータ,業務用ＰＣ、電子出願受付サーバ一式等の賃貸借,6714000000,2,-
82,D.,2,2010001033475,(株)ＪＥＣＣ,審判・登録サーバ、Ｆターム検索サーバ一式等の賃貸借,977000000,1,-
82,D.,3,4010701026198,ＩＢＪＬ東芝リース(株),特実意匠文献サーバ、特実意匠文献サーバ一式等の賃貸借,813000000,1,-
82,D.,4,6010401024970,日立キャピタル(株),ＸＭＬ公報サーバ、商標検索サーバ一式等の賃貸借,813000000,1,-
82,D.,5,6010401015821,東京センチュリー(株),全文検索サーバ、意匠検索サーバ一式等の賃貸借,343000000,3,-
82,D.,6,8010401021784,ＮＥＣキャピタルソリューション(株),ネットワーク機器等一式の賃貸借,202000000,2,-
82,D.,7,7010401022916,日本電気(株),経済産業省基盤情報システムサービス分担金等,99000000,2,-
82,D.,8,2011101056358,(株)ＮＴＴデータ・アイ,優先権証明書等データ交換用サーバ一式の賃貸借,48000000,2,-
82,D.,9,1010401006180,(株)オカモトヤ,ハガキ圧着機一式の賃貸借,500000,3,-
82,E.,1,,臨時事務補助職員等,特許庁システム関連事務の補助業務,37000000,-,-
82,F.,1,9010601021385,(株)ＮＴＴデータ,技術標準等作成支援業務,288000000,2,-
82,F.,1,9010601021385,(株)ＮＴＴデータ,窓口系受付システム等の改造,2413000000,随意契約（その他）,-
82,F.,2,7010001008844,(株)日立製作所,中韓文献翻訳・検索システム運用費,119000000,3,-
82,F.,2,7010001008844,(株)日立製作所,特実検索システムＦターム検索機能等の改造,1809000000,随意契約（その他）,-
82,F.,3,7010401052137,東芝ソリューション(株),共通特実検索システム（文献照会部分）設計・開発及び運用費,286000000,3,-
82,F.,3,7010401052137,東芝ソリューション(株),特実検索システム文献照会機能等の改造,650000000,随意契約（その他）,-
82,F.,4,1020001071491,富士通(株),電子出願ソフトウェア等の改造,863000000,随意契約（その他）,-
82,F.,5,2011101056358,(株)ＮＴＴデータ・アイ,優先権証明書交換システムの改造,35000000,随意契約（その他）,-
82,F.,5,2011101056358,(株)ＮＴＴデータ・アイ,特許庁システムオペレーションサービス,630000000,1,-
82,F.,6,8010001085296,アビームコンサルティング(株),特実審査業務システム構築業者調達のための調達仕様書等作成支援業務等,547000000,2,-
83,A.,1,2010001033475,(株)ＪＥＣＣ,気象情報伝送処理システム（西日本）ハードウェアの借用（リース）及び保守,9000000,-,-
83,A.,1,2010001033475,(株)ＪＥＣＣ,気象情報伝送処理システムハードウェアの借用（リース）・保守,150000000,-,-
83,A.,1,2010001033475,(株)ＪＥＣＣ,気象情報伝送処理システム（西日本）用クライアントシステムの借用（リース）及び保守,29000000,-,-
83,A.,1,2010001033475,(株)ＪＥＣＣ,気象情報伝送処理システム（西日本）ハードウェアの借用（リース）及び保守,94000000,-,-
83,A.,2,2013101000205,ソフトバンク(株),気象情報配信サービス（ホスティング等）の提供,41000000,-,-
83,A.,2,2013101000205,ソフトバンク(株),気象庁国内基盤通信網（Ｂ網）通信回線サービス,201000000,-,-
83,A.,2,2013101000205,ソフトバンク(株),本庁清瀬間ネットワークＢ系回線使用料,1000000,-,-
83,A.,3,7010001064648,ＮＴＴコミュニケーションズ(株),気象庁国内基盤通信網（Ａ網）通信回線サービスの提供,186000000,-,-
83,A.,4,6010401015821,東京センチュリー(株),気象情報伝送処理システム用クライアントシステムの借用（リース）・保守,62000000,-,-
83,A.,5,7010401110076,ソフトバンクモバイルサービス(株),気象庁国内基盤通信網（Ｂ網）通信回線サービス,40000000,-,-
83,A.,6,4010401045416,シスコシステムズキャピタル(株),気象情報伝送処理システム（西日本）ネットワーク機器の借用（リース）及び保守,10000000,-,-
83,A.,6,4010401045416,シスコシステムズキャピタル(株),気象情報伝送処理システムネットワーク機器の借用（リース）・保守,28000000,-,-
83,A.,7,1020001071491,富士通(株),気象情報伝送処理システム（西日本）の業務処理ソフトウェア保守,8000000,-,-
83,A.,7,1020001071491,富士通(株),気象情報伝送処理システムの業務処理ソフトウェア保守,27000000,-,-
83,A.,8,8010401021784,ＮＥＣキャピタルソリューション(株),高解像度降水予測システムハードウェアの借用（リース）・保守,9000000,-,-
83,A.,9,9011101031552,ＫＤＤＩ(株),本庁清瀬間ネットワークＡ系回線使用料,2000000,-,-
83,A.,9,9011101031552,ＫＤＤＩ(株),特別警報変換配信システム通信サービス,2000000,2,90.45
83,A.,10,8010001074167,ＳＣＳＫ(株),ＡＭＤＣＮデータ交換検証装置の購入及び取付調整,3000000,2,96.19
83,B.,1,6010401015821,東京センチュリー(株),気象データ交換システムの借用（リース）及び運用支援・保守,96000000,随意契約（その他）,0
83,B.,2,9340005000671,鹿児島県無線(漁協),電信回線専用料,83000000,随意契約（その他）,0
83,B.,3,8010401005011,ＮＴＴファイナンス(株),突風等短時間予測システム借用（再リース）及び保守,5000000,随意契約（その他）,0
83,B.,3,8010401005011,ＮＴＴファイナンス(株),突風等短時間予測システム借用（リース）及び保守,34000000,随意契約（その他）,0
83,B.,4,,ＩＮＴＥＲＯＵＴＥＣＯＭＭＵＮＩＣＡＴＩＯＮＳＬＩＭＩＴＥＤ,電信回線専用料,20000000,随意契約（その他）,0
83,B.,5,9011101031552,ＫＤＤＩ(株),電信回線専用料,19000000,随意契約（その他）,0
83,B.,6,6010001011147,(株)インターネットイニシアティブ,ＷＩＳ通信サービスの提供,15000000,随意契約（その他）,0
83,B.,7,5010401001888,アビコム・ジャパン(株),航空無線データ通信第４種サービス,11000000,随意契約（その他）,0
83,B.,8,4010701026198,ＩＢＪＬ東芝リース(株),部外機関通信処理システムハードウェアの借用（リース）及び保守,8000000,随意契約（その他）,0
83,B.,9,7010001064648,ＮＴＴコミュニケーションズ(株),電信回線専用料,8000000,随意契約（その他）,0
83,B.,10,1020001071491,富士通(株),気象情報伝送処理システムのＩｎｔｅｒｎｅｔＥｘｐｌｏｒｅｒ１１動作検証,1000000,随意契約（少額）,0
83,B.,10,1020001071491,富士通(株),気象情報伝送処理システムの設定変更,4000000,随意契約（公募）,0
83,D.,1,5120001086344,南海ビルサービス(株),大阪管区気象台空調設備保守点検作業,1000000,0,0
83,D.,1,5120001086344,南海ビルサービス(株),大阪管区気象台１７階マシン室空調機修繕,500000,0,0
83,D.,2,1000020372013,高松市,防災情報普及啓発講座会場使用料,2000,0,0
83,D.,3,5020001024108,日本舶用エレクトロニクス(株),極軌道気象衛星受信装置のモニター修理,60000,0,0
83,D.,3,5020001024108,日本舶用エレクトロニクス(株),極軌道気象衛星受信装置の修理,70000,0,0
83,D.,4,9430002036965,(株)空調工房,札幌管区気象台空調設備点検調整,30000,0,0
83,D.,5,6430001022250,(株)ＨＤＣ,ディスプレイ購入,20000,0,0
84,A.,1,2010001033475,(株)ＪＥＣＣ,ＤＣＰデータ伝送装置等の借用（リース）・保守,20000000,随意契約（その他）,0
84,A.,1,2010001033475,(株)ＪＥＣＣ,スーパーコンピュータシステム借用（レンタル）,691000000,随意契約（その他）,0
85,A.,1,7140001005647,兼松(株),飛行検査用航空機２式の購入,1569000000,1,99.89
85,A.,1,7140001005647,兼松(株),飛行検査装置部品の購入,68000000,1,99.98
85,A.,1,7140001005647,兼松(株),飛行検査用航空機３式の購入,1850000000,-,-
85,A.,2,2010001033475,(株)ＪＥＣＣ,航空交通管制情報処理システム電子計算機の賃貸借,3173000000,随意契約（公募）,100
85,A.,3,7010001064648,ＮＴＴコミュニケーションズ(株),航空安全推進ネットワーク接続回線利用,174000000,2,91.6
85,A.,3,7010001064648,ＮＴＴコミュニケーションズ(株),航空保安情報ネットワークサービスの調達,2441000000,随意契約（公募）,98.73
85,A.,3,7010001064648,ＮＴＴコミュニケーションズ(株),緊急通報管理装置評価訓練用ネットワークの調達,1000000,随意契約（少額）,70.19
85,A.,3,7010001064648,ＮＴＴコミュニケーションズ(株),通信専用料,106000000,0,-
85,A.,4,6012401012609,(株)ジャムコ,飛行検査機エンジンのオーバーホール作業,145000000,2,67.81
85,A.,4,6012401012609,(株)ジャムコ,飛行検査機保守点検整備作業,946000000,1,99.31
85,A.,5,7010401022916,日本電気(株),ＩＬＳ－９２Ｅ型ＩＬＳ装置１式の製造,59000000,随意契約（その他）,98.65
85,A.,5,7010401022916,日本電気(株),開発評価用飛行情報管理システム等システム装置運用支援,13000000,1,97.87
85,A.,5,7010401022916,日本電気(株),ＭＳＶ監視制御プロセッサ改修外２件作業,12000000,1,93.39
85,A.,5,7010401022916,日本電気(株),航空安全情報管理・提供システムソフトウェア保守等,10000000,0,-
85,A.,5,7010401022916,日本電気(株),ＤＭＥ－９１Ｄ型ＤＭＥ装置等の部品の購入,22000000,1,96.85
85,A.,5,7010401022916,日本電気(株),運用・信頼性管理装置等運用支援,92000000,1,92.93
85,A.,5,7010401022916,日本電気(株),飛行情報管理処理システムアプリケーション保守,100000000,1,95.78
85,A.,5,7010401022916,日本電気(株),ＴＡＣＡＮ－９１Ａ型ＴＡＣＡＮ装置等の部品１式の修理,49000000,1,93.44
85,A.,6,4010001008772,三菱電機(株),運輸多目的衛星新２号テレメトリデータ伝送作業等,4000000,0,-
85,A.,6,4010001008772,三菱電機(株),ＨＭＵ－０９型高度監視装置等の部品１式の修理,181000000,1,96.29
85,A.,7,1010001092695,出光アヴィエーション(株),航空タービン燃料油の購入（美保空港）等,19000000,0,-
85,A.,7,1010001092695,出光アヴィエーション(株),航空タービン燃料油の購入（新千歳空港）,10000000,1,94.41
85,A.,7,1010001092695,出光アヴィエーション(株),航空タービン燃料油の購入（中部国際空港）,98000000,2,93.69
85,A.,7,1010001092695,出光アヴィエーション(株),航空タービン燃料油の購入（長崎空港）,16000000,1,95.53
85,A.,7,1010001092695,出光アヴィエーション(株),航空タービン燃料油の購入（福岡空港）,10000000,2,96.52
85,A.,7,1010001092695,出光アヴィエーション(株),航空タービン燃料油の購入（宮崎空港）等,14000000,1,95.64
85,A.,7,1010001092695,出光アヴィエーション(株),航空タービン燃料油の購入（函館空港）,15000000,1,95.51
85,A.,8,9011101031552,ＫＤＤＩ(株),通信専用料,183000000,0,-
85,A.,9,5010401001888,アビコム・ジャパン(株),航空無線データ通信,166000000,0,-
85,A.,10,3220001000949,(株)石川コンピュータ・センター,航空安全推進ネットワーク運用・管理及び保守業務,137000000,1,96.26
85,B.,1,7010701007666,日本航空(株),飛行検査機保守点検整備作業等,191000000,0,-
85,B.,2,6010001018290,新東亜交易(株),飛行検査機保守点検整備作業,108000000,0,-
85,B.,3,1011001032443,(株)ティー・エム・シー・インターナショナル,飛行検査機保守点検整備作業,16000000,0,-
85,B.,4,6010701007411,(株)ＪＡＬＵＸ,飛行検査システム関連機器の点検校正作業,15000000,0,-
85,B.,5,1020001093908,多摩川エアロシステムズ(株),飛行検査機保守点検整備作業,10000000,0,-
85,B.,6,7010001029485,丸紅エアロスペース(株),飛行検査機保守点検整備作業等,6000000,0,-
85,B.,7,1010001110829,リコージャパン(株),デジタル複写機（１００枚機）１台他４点の賃貸借及び保守,5000000,0,-
85,B.,8,3010601032941,(株)海外物産,飛行検査システム関連機器の点検校正作業等,5000000,0,-
85,B.,9,9010401021742,双日エアロスペース(株),飛行検査機保守点検整備作業,4000000,0,-
85,B.,10,,ジャムコアメリカ,飛行検査機保守点検整備作業,3000000,0,-
85,C.,1,4010505001182,(独)国立科学博物館,バードストライクに係る鳥種特定作業,200000,0,-
85,D.,1,6010405003434,(独)国立印刷局,官報公告等掲載,12000000,随意契約（その他）,100
85,D.,1,6010405003434,(独)国立印刷局,一般会計決算参照書１冊他７点の購入,10000,随意契約（その他）,100
85,D.,2,5012405001732,国立研究開発法人海上・港湾・航空技術研究所,電子機器から発射される電波に対する飛行検査機の耐性確認調査,2000000,1,62.59
85,E.,1,6010005012249,(一財)航空保安無線システム協会,運輸多目的衛星の航空安全通信サービス及び運用の管理に係る作業,85000000,2,92.56
85,E.,2,4010805001956,(一財)航空交通管制協会,航空管制等業務に係る語学能力評価試験実施請負,6000000,2,91.18
85,E.,2,4010805001956,(一財)航空交通管制協会,ヒューマンエラーに起因する安全情報の分析手法ＨＦＡＣＳ及びＨＥＲＡに関する調査,7000000,3,70.57
85,E.,2,4010805001956,(一財)航空交通管制協会,空域安全性評価業務補助作業,15000000,2,96.94
85,E.,2,4010805001956,(一財)航空交通管制協会,飛行方式設計者養成訓練支援作業,5000000,2,85.86
85,E.,2,4010805001956,(一財)航空交通管制協会,安全報告に係る分析委員会事務補助及び資料作成業務,5000000,4,69.42
85,E.,3,1010805000052,(一財)航空保安施設信頼性センター,航行援助サービス経済パネルに係る支援業務請負,1000000,随意契約（少額）,95.88
85,E.,3,1010805000052,(一財)航空保安施設信頼性センター,航空交通管制機器部品補給管理等業務請負,35000000,1,93.4
85,E.,4,1010405000254,(公財)航空輸送技術研究センター,航空安全プログラムの適用に伴う安全情報（自発報告）分析業務,28000000,2,89.56
85,E.,5,1010005002667,(一財)経済調査会,発電装置等単価調査,5000000,2,84.04
85,E.,5,1010005002667,(一財)経済調査会,航空交通管制機器等保守請負積算基準調査,12000000,2,94.82
85,E.,5,1010005002667,(一財)経済調査会,航空無線工事積算システム基準データ改訂作業,1000000,1,98.21
85,E.,5,1010005002667,(一財)経済調査会,航空無線工事積算システム用積算資料単価データ１式の購入,1000000,随意契約（その他）,100
85,E.,6,8010405000231,(一財)航空保安協会,空港保安防災教育訓練センター高圧ガス製造設備運用業務請負,16000000,1,98.14
85,E.,7,7010805001953,(一財)航空振興財団,航空路誌等の作成納入業務,8000000,2,99.99
85,E.,7,7010805001953,(一財)航空振興財団,ＤＶＤの複製等作業（平成２７年度電子航空路誌）,1000000,5,27.25
85,E.,8,9010005018904,(一社)照明学会,航空標識の色及び風力発電機群の航空障害標識に関する調査,7000000,2,98.69
85,E.,9,6010005018675,(一財)建設物価調査会,航空灯火施設維持工事の積算要領に関する経費率等分析調査,6000000,2,90.07
85,E.,10,8011005000968,日本放送協会,ＮＨＫ放送受信料,2000000,0,-
85,F.,1,1020001077159,(株)日本海洋科学,航空標識の色及び風力発電機群の航空障害標識に関する調査,4000000,0,-
85,G.,1,4000020270008,大阪府,事業用定期借地貸付料,45000000,随意契約（その他）,100
85,G.,2,2000020042111,岩沼市,国有資産所在市町村交付金,4000000,0,-
85,G.,3,3000020401307,福岡市,航空機騒音障害対策費補助,2000000,0,-
85,G.,4,1000020131113,大田区,航空機騒音障害対策費補助,1000000,0,-
85,G.,5,8000020402192,大野城市,航空機騒音障害対策費補助,600000,0,-
85,G.,6,8000020130001,東京都,回数券の購入,400000,0,-
85,G.,7,5000020151009,新潟市,航空機騒音障害対策費補助,100000,0,-
85,G.,8,4000020420000,長崎県,施設敷地借上,100000,随意契約（その他）,100
85,G.,9,3000020382019,松山市,航空機騒音障害対策費補助,100000,0,-
85,G.,10,6000020452017,宮崎市,航空機騒音障害対策費補助,100000,0,-
85,I.,1,1010405002003,首都圏ビルサービス(協組),庁舎等警備業務,27000000,2,67.22
85,I.,1,1010405002003,首都圏ビルサービス(協組),関西空港事務所庁舎警備請負,37000000,2,95.14
85,I.,1,1010405002003,首都圏ビルサービス(協組),福岡航空交通管制部警備業務,51000000,4,68.61
85,I.,1,1010405002003,首都圏ビルサービス(協組),航空保安無線施設等の警備（銚子ＶＯＲＴＡＣサイト他４ヵ所）,70000000,2,50.16
85,I.,1,1010405002003,首都圏ビルサービス(協組),関宿ＶＯＲ／ＤＭＥ施設他３箇所施設警備,96000000,2,85.86
85,I.,1,1010405002003,首都圏ビルサービス(協組),成田空港事務所管理棟等の警備,32000000,2,74.89
85,I.,1,1010405002003,首都圏ビルサービス(協組),東京国際空港警備業務請負,625000000,3,89.05
85,I.,2,8010801007202,中央工営(株),長崎空港航空灯火施設維持工事,49000000,1,98.88
85,I.,2,8010801007202,中央工営(株),東京国際空港土木施設維持修繕工事,864000000,-,-
85,I.,2,8010801007202,中央工営(株),東京国際空港エプロン導入線設置等工事等,7000000,-,-
85,I.,3,6010401017685,地崎道路(株),丘珠空港除雪作業現場技術補助業務請負,15000000,1,99.26
85,I.,3,6010401017685,地崎道路(株),新千歳空港構内道路舗装補修工事等,12000000,-,-
85,I.,3,6010401017685,地崎道路(株),新千歳空港土木施設維持修繕工事,776000000,-,-
85,I.,3,6010401017685,地崎道路(株),新千歳空港エプロン目地補修工事,32000000,2,85.54
85,I.,4,1120001169813,新関西国際空港(株),庁舎維持管理経費,193000000,-,-
85,I.,4,1120001169813,新関西国際空港(株),航空保安施設等用地賃貸借,525000000,随意契約（その他）,100
85,I.,5,7010001064648,ＮＴＴコミュニケーションズ(株),通信専用料,634000000,-,-
85,I.,6,1010001008825,東京電力ホールディングス(株),電気料,547000000,-,-
85,I.,7,7010401022916,日本電気(株),飛行情報管理システム等運用支援（大阪航空局管内）,106000000,1,99.73
85,I.,7,7010401022916,日本電気(株),飛行情報管理システム等運用支援（福岡管制部）,82000000,1,98.84
85,I.,7,7010401022916,日本電気(株),東京国際空港警備システム（陸上部）保守点検等,263000000,-,-
85,I.,7,7010401022916,日本電気(株),飛行情報管理システム等運用支援（東京航空局管内）,67000000,1,96.96
85,I.,8,4290001007004,九州電力(株),電気料,500000000,-,-
85,I.,9,6011201004650,富士興業(株),百里空港航空灯火施設維持工事,31000000,-,-
85,I.,9,6011201004650,富士興業(株),東京国際空港庁舎等建築付帯電気設備保全業務等,8000000,-,-
85,I.,9,6011201004650,富士興業(株),東京国際空港航空灯火施設維持工事,453000000,-,-
85,I.,10,2011101014084,東芝電機サービス(株),熊本空港飛行場灯火・電力監視制御装置保守請負,23000000,1,97.64
85,I.,10,2011101014084,東芝電機サービス(株),広島空港飛行場灯火・電力監視制御装置保守請負,18000000,1,83.76
85,I.,10,2011101014084,東芝電機サービス(株),高松空港飛行場灯火・電力監視制御装置保守請負等,269000000,-,-
85,I.,10,2011101014084,東芝電機サービス(株),東京国際空港電力・灯火監視制御システム保守請負,141000000,1,97.03
85,J.,1,2010001027031,(株)日立ビルシステム,昇降機設備保全業務,19000000,-,-
85,J.,2,4290001012078,(株)大橋造園土木,福岡空港周辺移転補償跡地等維持管理業務請負,16000000,-,-
85,J.,3,5010001008714,第一実業(株),滑走路等路面性状調査及びすべり摩擦係数定期点検調査,8000000,-,-
85,J.,4,3120001124353,(株)ライデン,大阪国際空港電気設備保全業務,7000000,-,-
85,J.,5,4140001079339,(株)サン警備保障,大阪国際空港電気設備保全業務,6000000,-,-
85,J.,6,9020001043500,(株)アジア共同設計コンサルタント,東京国際空港擁壁定期点検調査,4000000,-,-
85,J.,7,6490001001050,(株)近藤工務店,高知空港周辺移転補償跡地等維持管理業務請負,4000000,-,-
85,J.,8,3490001001549,土佐新高建設(株),高知空港周辺移転補償跡地等維持管理業務請負,4000000,-,-
85,J.,9,8013301003522,(株)ケーエフ総合設備,帯広空港ＳＳＲ局舎新築外設計業務,4000000,-,-
85,J.,10,5010001030412,三菱電機ビルテクノサービス(株),昇降機設備保全業務,3000000,-,-
85,K.,1,6120005015182,(一財)関西電気保安協会,空港電気設備保全業務等,4000000,-,-
85,L.,1,6010405003434,(独)国立印刷局,官報公告掲載料,10000000,随意契約（その他）,100
85,L.,2,1020005005090,(独)都市再生機構,職員宿舎借料,2000000,-,-
85,L.,3,6040005003798,(独)地域医療機能推進機構,一般定期健康診断,1000000,随意契約（少額）,100
85,L.,4,1480005006159,(地独)徳島県鳴門病院,一般定期健康診断,100000,随意契約（少額）,100
85,M.,1,8010405000231,(一財)航空保安協会,熊本空港他３空港消防等業務請負,462000000,1,98.94
85,M.,1,8010405000231,(一財)航空保安協会,福岡空港外３空港消防等業務請負,561000000,1,98.78
85,M.,1,8010405000231,(一財)航空保安協会,新千歳空港他４空港消防等業務請負,507000000,1,98.61
85,M.,1,8010405000231,(一財)航空保安協会,東京国際空港他４空港消防等業務請負,470000000,1,98.56
85,M.,1,8010405000231,(一財)航空保安協会,東京国際空港場周警備設備等保守業務請負等,240000000,-,-
85,M.,1,8010405000231,(一財)航空保安協会,熊本空港外３空港有害鳥類防除業務請負,113000000,1,99.87
85,M.,1,8010405000231,(一財)航空保安協会,福岡空港外３空港有害鳥類防除業務請負,115000000,1,99.95
85,M.,1,8010405000231,(一財)航空保安協会,東京国際空港他１空港有害鳥類防除業務請負,160000000,1,98.88
85,M.,1,8010405000231,(一財)航空保安協会,徳島空港他３空港消防等業務請負,370000000,1,98.94
85,M.,1,8010405000231,(一財)航空保安協会,小松空港他４空港消防等業務請負,377000000,1,98.83
85,M.,2,1010805000052,(一財)航空保安施設信頼性センター,那覇ＳＭＣ管轄航空交通管制機器等保守請負,214000000,1,93.78
85,M.,2,1010805000052,(一財)航空保安施設信頼性センター,福岡ＳＭＣ管轄航空交通管制機器等保守請負,305000000,-,-
85,M.,2,1010805000052,(一財)航空保安施設信頼性センター,鹿児島ＳＭＣ管轄航空交通管制機器等保守請負,221000000,-,-
85,M.,2,1010805000052,(一財)航空保安施設信頼性センター,航空交通管制機器等保守請負等,8000000,-,-
85,M.,2,1010805000052,(一財)航空保安施設信頼性センター,仙台ＳＭＣ管轄航空交通管制機器等保守請負,167000000,1,94.1
85,M.,2,1010805000052,(一財)航空保安施設信頼性センター,東京ＳＭＣ管轄航空交通管制機器等保守請負,194000000,-,-
85,M.,3,7010405010603,(一財)航空機安全運航支援センター,旭川空港他２空港運航援助支援請負,57000000,2,96.77
85,M.,3,7010405010603,(一財)航空機安全運航支援センター,青森空港他４空港運航援助支援請負,96000000,2,98.55
85,M.,3,7010405010603,(一財)航空機安全運航支援センター,静岡空港他１空港運航援助支援請負,34000000,2,97.97
85,M.,4,5010005002705,(一財)港湾空港総合技術センター,東京国際空港施設保全関係支援業務委託,321000000,1,98.74
85,M.,4,5010005002705,(一財)港湾空港総合技術センター,空港土木工事共通仕様書（平成２７年４月）５部外１点購入等,100000,-,-
85,M.,5,6010005012249,(一財)航空保安無線システム協会,ＭＳＡＳ海外標定局施設管理請負,29000000,2,43.93
85,M.,6,2370005003380,(一財)東北電気保安協会,秋田空港・航空路監視レーダー事務所発電設備等保守業務等,22000000,-,-
85,M.,6,2370005003380,(一財)東北電気保安協会,八戸ＡＲＳＲ外３か所発電設備等保守業務,4000000,1,96.2
85,M.,7,2290005013264,(一財)九州電気保安協会,福岡空港外８か所無停電電源設備等保守業務等,12000000,-,-
85,M.,7,2290005013264,(一財)九州電気保安協会,鹿児島空港電源局舎外９カ所無停電電源設備等保守業務,8000000,1,98.55
85,M.,8,9430005010356,(一財)北海道電気保安協会,函館空港外２か所発電設備等保守業務,4000000,1,98.41
85,M.,8,9430005010356,(一財)北海道電気保安協会,釧路ＡＲＳＲ外２か所無停電電源設備等保守業務等,15000000,-,-
85,M.,9,2010405010707,(一財)航空保安研究センター,飛行コース公開システムに係るデータ編集作業,17000000,1,97.51
85,M.,10,1120105004619,(公財)大阪府文化財センター,八尾空港西側跡地埋蔵文化財調査,16000000,随意契約（その他）,100
85,N.,1,,Ｇｒｏｕｐ70ＭＲＳＬＬＣ,ＭＳＡＳ海外標定局施設管理請負,23000000,-,-
85,N.,2,6010001135680,ＮＥＣネッツエスアイ(株),ＭＳＡＳ海外標定局施設管理請負,1000000,-,-
85,O.,1,8040005006130,(一財)成田国際空港振興協会,空港有害鳥類防除業務請負,17000000,-,-
85,P.,1,8000020130001,東京都,国有資産所在市町村交付金等,4560000000,-,-
85,P.,2,3000020401307,福岡市,国有資産所在市町村交付金等,798000000,-,-
85,P.,3,3000020472018,那覇市,国有資産所在市町村交付金等,195000000,-,-
85,P.,4,8000020401005,北九州市,国有資産所在市町村交付金等,173000000,-,-
85,P.,5,8000020272124,八尾市,国有資産所在市町村交付金等,116000000,-,-
85,P.,6,5000020151009,新潟市,国有資産所在市町村交付金等,104000000,-,-
85,P.,7,2000020012246,千歳市,国有資産所在市町村交付金等,93000000,-,-
85,P.,8,5000020392049,南国市,国有資産所在市町村交付金等,80000000,-,-
85,P.,9,9000020342041,三原市,国有資産所在市町村交付金等,72000000,-,-
85,P.,10,8000020462187,霧島市,国有資産所在市町村交付金等,72000000,-,-
85,Q.,1,,福岡空港地主組合,空港用地賃貸借等,5872000000,-,-
85,Q.,2,,沖縄県軍用地等地主会(連),空港用地賃貸借等,4090000000,-,-
85,Q.,3,,福岡空港土地所有者組合,空港用地賃貸借等,1195000000,-,-
85,Q.,4,,福岡空港用地保有者組合,空港用地賃貸借等,241000000,-,-
85,Q.,5,,個人Ａ,空港用地賃貸借,43000000,-,-
85,Q.,6,,個人Ｂ,空港用地賃貸借,30000000,-,-
85,Q.,7,,個人Ｃ,空港用地賃貸借,29000000,-,-
85,Q.,8,,個人Ｄ,空港用地賃貸借,29000000,-,-
85,Q.,9,,個人Ｅ,空港用地賃貸借,20000000,-,-
85,Q.,10,,個人Ｆ,空港用地賃貸借,20000000,-,-
86,B.,1,3011701013922,(株)アルティア,自動車検査用機械器具の製造及び据付,167000000,4,93.61
86,B.,1,3011701013922,(株)アルティア,自動車検査用機械器具の製造及び据付,238000000,4,91.91
86,B.,2,7010001000792,(株)イヤサカ,自動車検査用機械器具の製造及び据付,274000000,4,91.86
86,B.,3,5010001006767,(株)富士通マーケティング,経理・会計システム構築業務,96000000,3,98.52
86,B.,4,2010401024066,(株)バンザイ,自動車検査用機械器具の製造及び据付,34000000,4,82.29
86,B.,4,2010401024066,(株)バンザイ,街頭検査用オパシメータの製造,6000000,4,73.87
86,B.,4,2010401024066,(株)バンザイ,奈良事務所手動式前照灯試験機の購入,9000000,1,98.96
86,B.,4,2010401024066,(株)バンザイ,長岡事務所他5事務所手動式前照灯試験機の購入,4000000,4,76.96
86,B.,4,2010401024066,(株)バンザイ,京都事務所他3事務所手動式前照灯試験機の購入,3000000,4,75.77
86,B.,4,2010401024066,(株)バンザイ,土浦事務所他5事務所手動式前照灯試験機の購入,5000000,随意契約（少額）,100
86,B.,4,2010401024066,(株)バンザイ,佐賀事務所他7事務所手動式前照灯試験機の購入,5000000,4,68.01
86,B.,4,2010401024066,(株)バンザイ,豊橋事務所他7事務所手動式前照灯試験機の購入,8000000,4,81.84
86,B.,4,2010401024066,(株)バンザイ,福山事務所他2事務所手動式前照灯試験機の購入,3000000,3,63.85
86,B.,4,2010401024066,(株)バンザイ,沖縄事務所他2事務所手動式前照灯試験機の購入,2000000,3,38.46
86,B.,5,7010001064648,ＮＴＴコミュニケーションズ(株),新会計システム接続に係る回線設定作業,410400,随意契約（少額）,100
86,B.,5,7010001064648,ＮＴＴコミュニケーションズ(株),人事給与・勤怠システムの更改及び運用保守,62000000,1,99.78
86,B.,6,2010601029542,日本ユニシス(株),サーバ監視装置ライセンス購入,388800,随意契約（少額）,100
86,B.,6,2010601029542,日本ユニシス(株),サーバ室免震工事,6000000,随意契約（その他）,100
86,B.,6,2010601029542,日本ユニシス(株),新法人用ホームページ製作,20000000,1,99.77
86,B.,6,2010601029542,日本ユニシス(株),車検予約システム更改,4000000,1,99.49
86,B.,6,2010601029542,日本ユニシス(株),統合に伴うシステム移行作業,9000000,1,99.38
86,B.,6,2010601029542,日本ユニシス(株),増員に伴う業務用ＰＣの購入,21000000,1,98.5
86,B.,6,2010601029542,日本ユニシス(株),マイナンバーシステム導入電源工事,237600,随意契約（少額）,100
86,B.,6,2010601029542,日本ユニシス(株),人事システム導入電源工事,297000,随意契約（少額）,100
86,B.,6,2010601029542,日本ユニシス(株),システム追加に伴うネットワーク設定変更作業,496800,随意契約（少額）,100
86,B.,7,9010401001331,安全自動車(株),傾斜角度測定機の製造及び据付,39000000,4,81.72
86,B.,8,5020001083426,Ｊ＆Ｋビジネスソリューション(株),車両下部確認装置の製造,5000000,3,71.44
86,B.,8,5020001083426,Ｊ＆Ｋビジネスソリューション(株),車両下部確認装置の製造,9000000,2,88.2
86,B.,9,1010401023408,(株)日本旅行,旅費精算システムの導入及び旅費計算等委託業務,11000000,2,97.07
86,B.,10,1010401011569,(株)サンポー,法人統合に伴う事務用椅子等の購入,7000000,1,96.33
86,D.,1,9030001046691,三正設備工業(株),高周波増幅装置冷却機器等の導入,39000000,4,58.65
86,D.,2,6010401029053,ミナト矢崎サービス(株),第三審査棟環境設備更新,32000000,3,98.8
86,D.,3,6010001135680,ＮＥＣネッツエスアイ(株),自動車試験場第二地区監視カメラ更新工事,17000000,4,64.49
86,D.,4,2010001059025,(株)守谷商会,UNR129新基準対応CRS試験機器の購入,12000000,2,99.12
86,D.,5,9010001045803,新日鉄住金ソリューションズ(株),次期自動車審査部業務量統計システム設計,12000000,1,99.12
86,D.,6,5010801002882,(株)共和電業,ISO/SAE規格対応型疑似信号発生装置の購入,9000000,1,99.8
86,D.,7,5080401012912,(株)バイオスシステム,トラクター・トレーラ間の制動試験時CAN通信情報評価システム,3000000,1,99.22
86,D.,8,7010601020521,(株)ヒューマネティクス・イノベーティブ・ソリューションズ・ジャパン,ダミー下肢校正治具購入,2000000,2,99.44
86,D.,9,1010901016035,(株)エステック,衝撃試験用治具,1000000,随意契約（少額）,100
86,D.,10,7010401022544,日本キスラー(株),スレッド解析ソフトEvaluationライセンスの購入,1000000,随意契約（少額）,100
86,E.,1,1011001012817,(株)創夢,自動車審査部次期業務量統計システム調査及び調達支援業務,972000,随意契約（少額）,100
86,E.,2,1011001015010,テンプスタッフ(株),一般事務労働者派遣,945000,随意契約（少額）,100
86,E.,3,4010802018425,(有)アルファーサービス,ブレーキ試験補助業務,196000,随意契約（少額）,100
86,E.,4,5130001021069,(株)島津テクノリサーチ,配線燃焼被覆部の分析,145000,随意契約（少額）,100
86,E.,5,3030002112779,(有)入谷モータース,ブレーキテスター試験業務,20000,随意契約（少額）,100
86,F.,1,4011101034254,(株)エコ・プラン,自動車審査部空調機及び照明器具更新工事,1000000,3,82.96
86,F.,2,4011001015379,東測工業(株),スリップリング及び治具購入,887000,随意契約（少額）,100
86,F.,3,4011101012854,(株)竹宝商会,スポットエアコン他購入,757000,随意契約（少額）,100
86,F.,4,1010001061642,東京貿易テクノシステム(株),エクステンションプローブ購入,734000,随意契約（少額）,100
86,F.,5,9030001001416,オールホンダ販売(株),除雪機購入,636000,随意契約（少額）,100
86,F.,6,5012701008662,(株)ジャパンテクノロジー,試験時資料説明用モニター購入,614000,随意契約（少額）,100
86,F.,7,2010401032358,ソニーマーケティング(株),ノートパソコン,439000,随意契約（少額）,100
86,F.,8,2160001013578,林製作所販売(株),R129テストベンチシートクッションの購入,421000,随意契約（少額）,100
86,F.,9,3011001001660,荒木電機工業(株),電流計,397000,随意契約（少額）,100
86,F.,10,5030001084571,(株)ミクスト,流量計付電動ドラムポンプ,317000,随意契約（少額）,100
86,G.,1,3012701012518,(株)本間組,自動車試験場第二地区整地工事,32400000,1,90.5
86,G.,2,5010801002882,(株)共和電業,歩行者保護試験機器の点検,4300000,1,99.26
86,G.,2,5010801002882,(株)共和電業,ダミー検定装置及び計測器校正装置の点検・校正,5400000,1,99.6
86,G.,2,5010801002882,(株)共和電業,コネクタ改造業務,4900000,1,100
86,G.,2,5010801002882,(株)共和電業,データ集録器の点検・校正,6800000,1,96.45
86,G.,3,1130001011676,(株)堀場製作所,第一排出ガス審査棟自動車排出ガス測定装置点検整備,15600000,1,99.04
86,G.,4,1010701028239,(株)明電エンジニアリング,第一排出ガス審査棟シャシダイナモメータ点検整備,7000000,1,99.38
86,G.,5,2010001059025,(株)守谷商会,スレッド年次点検,6700000,1,92.12
86,G.,6,9030001046691,三正設備工業(株),平成27年度自動車試験場空調装置点検整備,4600000,3,76.24
86,G.,7,1010405010435,(一財)日本自動車研究所,路面摩擦係数測定,3800000,1,98.19
86,H.,1,7050001023708,(株)日立パワーソリューションズ,都市交通シミュレータの改修作業,5400000,1,90.9
86,H.,1,7050001023708,(株)日立パワーソリューションズ,ゴムタイヤ新交通システム車両診断予測システム,900000,1,95.12
86,H.,2,9012401012044,(株)吉沢工務店,鉄道構造物実験棟他トイレ改修工事,4600000,2,100
86,H.,3,1010502018117,セントラルエンジニアリング(株),通信技術を活用した鉄軌道・道路交通間における事故防止システムの構築,4500000,1,95.78
86,H.,4,9010001045803,新日鉄住金ソリューションズ(株),ストレージ装置ディスク増設等,3600000,1,88.44
86,H.,5,4010701009640,(株)明電舎,ハイブリッド・パワートレイン台上試験装置,3200000,1,97.27
86,H.,6,7010601014102,(株)根本電機工業,振動強度実験棟ホイストクレーン更新,1300000,1,86.25
86,H.,7,3012402010837,(有)木村商店,認証室仕切壁,1200000,1,98
86,H.,8,7011101034029,測位衛星技術(株),衛星測位装置,1000000,1,86.89
86,H.,9,5012701008662,(株)ジャパンテクノロジー,TIG溶接機,900000,随意契約（少額）,100
86,H.,10,3012702010280,(有)三光工業,自己故障診断外部装置,600000,随意契約（少額）,100
86,I.,1,1010401011569,(株)サンポー,法人統合に伴う事務室レイアウト変更工事,2000000,1,99.4
86,J.,1,1010701028239,(株)明電エンジニアリング,第二排出ガス審査棟シャシダイナモメータ点検整備,3272000,1,99.67
86,J.,1,1010701028239,(株)明電エンジニアリング,衝突試験装置点検・整備,2430000,1,98.68
86,J.,2,5010801002882,(株)共和電業,歩行者保護試験器の点検,2572000,1,99.15
86,J.,3,6030001086113,(株)花園グリーンサービス,自動車試験場第二地区緑地整備工事,2322000,随意契約（少額）,100
86,J.,4,4020001046326,ＡＢＤｙｎａｍｉｃｓＭＦＪａｐａｎ(株),ESC試験システム点検校正,2275000,1,97.09
86,J.,5,2020001102287,ＡＬＳＯＫ双栄(株),自動ドア改修工事,2268000,随意契約（少額）,100
86,K.,1,7010401039992,(株)レールウェイエンジニアリング,鉄道信号システム安全性評価に関する補助業務,3564000,随意契約（公募）,100
86,K.,2,7050001023708,(株)日立パワーソリューションズ,現地試験補助業務,1200000,1,95.13
86,K.,3,6010001068922,(株)プラウド,試験車運転業務労働者派遣,830000,随意契約（少額）,100
86,K.,4,4010802018425,(有)アルファーサービス,車両運転及び実験補助業務,800000,随意契約（少額）,100
86,K.,5,8010401001563,アデコ(株),翻訳（和文・英文）校正業務,708000,随意契約（少額）,100
86,K.,6,5021001029385,岩田電業(株),路上走行等試験補助労働者派遣,586000,随意契約（少額）,100
86,K.,7,5390001011201,山形鉄道(株),平成27年度衛星測位試験及び踏切事故防止システム動作確認試験に伴う列車運行,303000,随意契約（少額）,100
86,K.,8,7011101034029,測位衛星技術(株),実験補助業務,218000,随意契約（少額）,100
86,K.,9,5290001030137,エダンズ・ジャパン(株),英文校正,131000,随意契約（少額）,100
86,K.,10,1010001084148,ランスタッド(株),運転中のスマートフォン操作実験補助労働者派遣,120000,随意契約（少額）,100
86,L.,1,8010001074167,ＳＣＳＫ(株),車両シミュレーションソフト,2300000,1,90.06
86,L.,2,3013201007925,ＳＤＬジャパン(株),Trados追加ライセンス,900000,随意契約（少額）,100
86,L.,3,3012702000315,(有)内山自動車工業,衝突実験用車両購入,900000,随意契約（少額）,100
86,L.,4,5011201013586,(株)イード,e燃費ログデータ,900000,随意契約（少額）,100
86,L.,5,2012401012190,(株)イシカワ文明堂,ドラムカートリッジ他13点,300000,随意契約（少額）,100
86,L.,5,2012401012190,(株)イシカワ文明堂,ドラムカートリッジ他9点,400000,随意契約（少額）,100
86,L.,6,8030002113384,(有)三協自動車整備工場,実験用車両購入,500000,随意契約（少額）,100
86,L.,7,3012702000315,(有)内山自動車工業,実験車両,500000,随意契約（少額）,100
86,L.,8,4020001020446,(株)ＩＤＡＪ,大気拡散シミュレーションソフト,400000,随意契約（少額）,100
86,L.,9,1011101044768,(株)フォーサイト,ドラムカートリッジ他12点,300000,随意契約（少額）,100
86,L.,10,5010801002882,(株)共和電業,車両加速度計測センサ,400000,随意契約（少額）,100
87,A.,1,6010401078439,東芝ＩＴサービス(株),平成26～30年度統合原子力防災ネットワークシステムの設備更新,1149800000,-,-
87,A.,1,6010401078439,東芝ＩＴサービス(株),平成２７年度東大阪オフサイトセンター及び第２データセンターの固定衛星通信システムの連携に伴う設置・設定作業,5600000,随意契約（その他）,-
87,A.,1,6010401078439,東芝ＩＴサービス(株),平成２７年度統合原子力防災ネットワークシステム外部公開ドメイン名変更に伴う設定等変更作業,19600000,随意契約（その他）,-
87,A.,1,6010401078439,東芝ＩＴサービス(株),少額随意契約２０件,13000000,随意契約（少額）,-
87,A.,1,6010401078439,東芝ＩＴサービス(株),平成27年度代替緊急事態応急対策等拠点施設用設備の設定、保守等作業,30300000,随意契約（その他）,-
87,A.,1,6010401078439,東芝ＩＴサービス(株),平成２７度ＥＲＣ国際班用パソコン、電話等の設定及び配置変更作業,982000,随意契約（少額）,-
87,A.,2,2010001033475,(株)ＪＥＣＣ,平成24～30年度新ERCにおける防災通信システムの賃借,55800000,随意契約（その他）,-
87,A.,2,2010001033475,(株)ＪＥＣＣ,平成27年度緊急事態応急対策等拠点施設等における防災通信システムの賃借,135660000,随意契約（その他）,-
87,A.,2,2010001033475,(株)ＪＥＣＣ,平成27年度原子力防災ネットワーク信頼性向上のための機器および泊発電所３号機中央操作室用緊急電話の再賃借,120000,随意契約（少額）,-
87,A.,3,7010401022916,日本電気(株),平成２７年度原子力災害対策本部における統合原子力防災ネットワーク用ＴＶ会議システムの整備,9000000,随意契約（その他）,-
87,A.,3,7010401022916,日本電気(株),平成27年度中央防災電話の電話端末追加に伴うケーブル配線工事,530000,随意契約（少額）,-
87,A.,3,7010401022916,日本電気(株),平成27年度統合原子力防災ネットワークTV会議システムの冗長化作業,99800000,随意契約（その他）,-
87,A.,3,7010401022916,日本電気(株),平成27年度ＴＶ会議システム連携状況確認作業,960000,随意契約（少額）,-
87,A.,4,8010401021784,ＮＥＣキャピタルソリューション(株),平成27年度緊急事態応急対策等拠点施設等における防災情報システムの賃借,49130000,随意契約（その他）,-
87,A.,4,8010401021784,ＮＥＣキャピタルソリューション(株),平成24～30年度新ERCにおける防災情報システムの賃借,54050000,随意契約（その他）,-
87,A.,5,6010005018634,(公財)原子力安全技術センター,平成27年度社会環境情報等表示端末の維持管理支援業務,51070000,随意契約（その他）,-
87,A.,6,1010401029669,森ビル(株),平成２７年度六本木ファーストビル３階マシン室のアンカー打設、ＯＡ床加工作業,247000,随意契約（少額）,-
87,A.,6,1010401029669,森ビル(株),平成２７年度非常用発電機用燃料タンク増設作業,44593000,随意契約（その他）,-
87,A.,7,5011101033882,キーウェアソリューションズ(株),平成２７年度原子力安全技術センターのラック他撤去等作業,194000,随意契約（少額）,-
87,A.,7,5011101033882,キーウェアソリューションズ(株),平成２７年度統合原子力防災ＮＷ設備更新機器等撤去移設,20364000,6,42.1
87,A.,8,1020001071491,富士通(株),平成２７年度原子力災害対策本部における防災通信設備の設定変更作業,1836000,随意契約（その他）,-
87,A.,8,1020001071491,富士通(株),平成２７年度原子力災害対策本部の防災通信システムの保守,999000,随意契約（少額）,-
87,A.,8,1020001071491,富士通(株),平成２７年度ＰＣ－ＴＶ会議システムのうるう秒による不具合予防対策作業,507000,随意契約（少額）,-
87,A.,8,1020001071491,富士通(株),平成２７年度浜岡オフサイトセンターのレイヤ３スイッチ電源交換作業,503000,随意契約（少額）,-
87,A.,8,1020001071491,富士通(株),平成２７年度女川ＯＦＣ設備更新に伴う設定変更作業,2944000,随意契約（その他）,-
87,A.,9,1140001050558,(株)日興商会,福島第一・福島第二ＯＦＣＴＶ会議システム用机・椅子の調達,5180000,2,98.8
87,A.,10,2480001001658,(株)ニシテック,平成２７年度非常用ディーゼル発電機（２５０ＫＶＡ×２基）保守業務,970000,随意契約（少額）,-
87,A.,10,2480001001658,(株)ニシテック,平成２７年度燃料補給及び潤滑油交換非常用ディーゼル発電機（２５０ＫＶＡ×２基）,233000,随意契約（少額）,-
87,C.,1,9011101031552,ＫＤＤＩ(株),平成27年度神奈川県川崎オフサイトセンター衛星回線の電波状態調査業務,200000,随意契約（少額）,-
87,C.,1,9011101031552,ＫＤＤＩ(株),平成27年度愛媛県庁用地上回線（統合原子力防災ネットワーク）敷設に伴う光ケーブル保護管等設置作業,300000,随意契約（少額）,-
87,C.,1,9011101031552,ＫＤＤＩ(株),平成27年度緊急事態応急対策等拠点施設等の広域通信回線網の賃借,185000000,随意契約（その他）,-
87,C.,1,9011101031552,ＫＤＤＩ(株),平成21～27年度衛星通信システムの賃借,18000000,-,-
87,C.,1,9011101031552,ＫＤＤＩ(株),平成27年度年間通信料,31000000,-,-
87,C.,1,9011101031552,ＫＤＤＩ(株),平成27年度柏崎刈羽原子力防災センターの回線終端装置の移設作業,300000,随意契約（少額）,-
87,C.,2,7010001064648,ＮＴＴコミュニケーションズ(株),平成２７年度泊、志賀、伊方地区の固定衛星通信システムの移設・設置作業,33000000,随意契約（その他）,-
87,C.,2,7010001064648,ＮＴＴコミュニケーションズ(株),平成27年度固定型衛星通信回線の帯域保証サービス及び保守,144000000,随意契約（その他）,-
87,C.,3,5010001006767,(株)富士通マーケティング,平成２７年度統合原子力防災ＮＷの第１データセンターの賃借,57687000,随意契約（その他）,-
87,C.,3,5010001006767,(株)富士通マーケティング,平成２７年度第１データセンターの構内配線作業,64800,随意契約（少額）,-
87,C.,4,7010401022916,日本電気(株),平成２７年度泊、志賀、伊方地区の固定衛星通信システムのWAN高速化装置等の移設・設置作業,11510000,随意契約（その他）,-
87,C.,4,7010401022916,日本電気(株),平成27年度固定衛星通信システムのＷＡＮ高速化装置等のい保守,28850000,随意契約（その他）,-
87,C.,4,7010401022916,日本電気(株),平成２７年度第２データセンター、東大阪地区の固定衛星通信システムのＷＡＮ高速化装置等の設置・移設作業,11510000,随意契約（その他）,-
87,C.,5,1020001071491,富士通(株),平成２７年度泊、志賀、伊方地区の固定衛星通信システムのＩＰ電話等移設・設置作業,15000000,随意契約（その他）,-
87,C.,5,1020001071491,富士通(株),平成２７年度横須賀、高浜、川内ＯＦＣ及び緊急時対応センター固定衛星通信増設作業,995000,随意契約（少額）,-
87,C.,5,1020001071491,富士通(株),平成２７年度東大阪ＯＦＣの固定衛星通信システムＩＰ電話、ＩＰ－ＦＡＸの設置,8000000,随意契約（その他）,-
87,C.,5,1020001071491,富士通(株),平成２７年度柏崎刈羽、上斎原、六ヶ所、東通ＯＦＣ固定衛星通信用ＩＰ電話増設作業,995000,随意契約（少額）,-
87,C.,6,6010401078439,東芝ＩＴサービス(株),平成２７年度統合原子力防災ネットワーク第２データセンターの賃借,13000000,随意契約（その他）,-
87,C.,6,6010401078439,東芝ＩＴサービス(株),平成２７年度気象情報システムの第２データセンタ導入に伴うＬＡＮ設備設定作業,990000,随意契約（少額）,-
87,C.,6,6010401078439,東芝ＩＴサービス(株),平成27～31年度第二データセンターにおける緊急時対策支援システム等(データセンターのラック賃借)導入・運用業務,4300000,随意契約（その他）,-
87,C.,7,1010001067912,(株)ＮＴＴドコモ,平成27年度年間通信料,5372000,-,-
87,C.,8,3011001057199,インフォコム(株),平成２７年度一斉招集システムの賃借,4860000,1,91.8
87,C.,9,4010401041514,(株)アット東京,データセンターにおけるアンテナ設置場所の賃借,1944000,-,-
87,C.,10,7120001077523,西日本電信電話(株),平成２７年度福井データーセンターの賃借,1192000,随意契約（その他）,-
87,D.,1,5120001062485,関電プラント(株),平成２４～２８年度大阪府熊取オフサイトセンター運営支援業務,15070000,-,-
87,D.,1,5120001062485,関電プラント(株),平成２４～２８年度福井県美浜原子力防災センター運営支援業務,14070000,-,-
87,D.,1,5120001062485,関電プラント(株),平成２４～２８年度福井県大飯原子力防災センター運営支援業務,14070000,-,-
87,D.,1,5120001062485,関電プラント(株),平成２４～２８年度福井県高浜原子力防災センター運営支援業務,14070000,-,-
87,D.,1,5120001062485,関電プラント(株),平成２７年度東大阪ＯＦＣ設備の維持管理業務,8154000,2,68.1
87,D.,2,6010401078439,東芝ＩＴサービス(株),平成２７年度緊急時ネットワーク監視センター運営業務,41500000,3,91
87,D.,3,9010401006818,(株)関電工,平成２７年度神奈川県横須賀ＯＦＣ設備点検業務,7506000,3,62.7
87,D.,3,9010401006818,(株)関電工,平成２４～２８年度新潟県柏崎刈羽原子力防災センター運営支援業務,14047000,-,-
87,D.,3,9010401006818,(株)関電工,平成２４～２８年度緊急時対応センター運営支援業務,19735000,-,-
87,D.,4,3370001011329,東北発電工業(株),平成２４～２８年度東通ＯＦＣ運営支援業務,13832000,-,-
87,D.,4,3370001011329,東北発電工業(株),平成２４～２８年度六ヶ所ＯＦＣ運営支援業務,14538000,-,-
87,D.,4,3370001011329,東北発電工業(株),平成２４～２８年度宮城県女川暫定ＯＦＣ運営支援業務,11968000,-,-
87,D.,5,3290001017747,西日本プラント工業(株),平成２４～２８年度佐賀県ＯＦＣ運営支援業務,14119000,-,-
87,D.,5,3290001017747,西日本プラント工業(株),平成２４～２８年度鹿児島県原子力防災センター運営支援業務,12962000,-,-
87,D.,6,4240001006976,中電プラント(株),平成２４～２８年度島根県原子力防災センター運営支援業務,13229000,-,-
87,D.,6,4240001006976,中電プラント(株),平成２４～２８年度上斎原ＯＦＣ運営支援業務,13413000,-,-
87,D.,7,6010001026327,原電エンジニアリング(株),平成２４～２８年度茨城県原子力オフサイトセンター運営支援業務,15310000,-,-
87,D.,8,6230001003007,北陸電気工事(株),平成２４～２８年度石川県志賀ＯＦＣ運営支援業務,14296000,-,-
87,D.,8,6230001003007,北陸電気工事(株),平成２７年度西地区倉庫に保管している緊急用機材品の点検支援,101000,随意契約（少額）,-
87,D.,9,6010001026327,原電エンジニアリング(株),平成２４～２８年度福井県敦賀原子力防災センター運営支援業務,14590000,-,-
87,D.,10,3470001007886,四国計測工業(株),平成２４～２８年度愛媛県ＯＦＣ運営支援業務,14488000,-,-
88,A.,1,7010401022916,日本電気(株),補給管理システムの器材の借料等,16000000,随意契約（その他）,100
88,A.,1,7010401022916,日本電気(株),補給管理システムの器材の借料等（２４年度契約４国歳出化）,67000000,-,-
88,A.,1,7010401022916,日本電気(株),補給管理システムの器材の借料等,2000000,随意契約（その他）,100
88,A.,1,7010401022916,日本電気(株),補給管理システムの器材の借料等（２５年度契約３国歳出化）,3049000000,-,-
88,B.,1,7010401022916,日本電気(株),補給管理システムの器材の借料等,1271000000,随意契約（その他）,100
89,A.,1,2010601023529,(株)沖電気カスタマアドテック,人事・給与関係業務情報システムに係るアプリケーション保守（二期）,168000000,-,0
89,A.,1,2010601023529,(株)沖電気カスタマアドテック,人事・給与関係業務情報システムの改修に係る設計・開発（改善計画・機能向上案件）,70000000,1,0
89,A.,1,2010601023529,(株)沖電気カスタマアドテック,人事・給与関係業務情報システムの改修に係る設計・開発（改善計画・性能向上案件）,59000000,1,0
89,A.,1,2010601023529,(株)沖電気カスタマアドテック,人事・給与関係業務情報システムに係る移行ツール改修,40000000,1,0
89,A.,1,2010601023529,(株)沖電気カスタマアドテック,人事・給与関係業務情報システムに係るアプリケーション保守（二期）,247000000,随意契約（その他）,0
89,B.,1,6010401015821,東京センチュリー(株),人事・給与関係業務情報システムの機器及びソフトウェア賃貸借・保守（政府共通PFへの移行）,879000000,-,-
89,B.,1,6010401015821,東京センチュリー(株),人事・給与関係業務情報システムに係る機器等賃貸借及び保守（第四期）,106000000,-,-
89,C.,1,6010401015821,富士通(株),人事・給与関係業務情報システムのバックアップデータ退避,6000000,-,-
89,C.,1,6010401015821,富士通(株),人事・給与関係業務情報システムの運用サービス（政府共通PF),189000000,-,-
89,C.,1,6010401015821,富士通(株),人事・給与関係業務情報システムの運用サービス（政府共通ＰＦ）,67000000,随意契約（その他）,-
89,D.,1,2010001010788,伊藤忠テクノソリューションズ(株),人事・給与関係情報システムの運用・保守に係るプロジェクト管理支援,36000000,-,-
89,E.,1,9011001029944,りらいあコミュニケーションズ(株),人事・給与関係業務情報システムに係るヘルプデスク支援,109000000,-,-
89,F.,1,1010401023102,ＰｗＣコンサルティング（同）,人事・給与関係業務情報システムの改善計画に基づくアプリ改修に係るプロジェクト管理支援,15000000,-,-
89,G.,1,1010001137962,アイネス(株),人事・給与関係業務情報システムアドバイザー,7000000,-,-
